3022
3008
3022
3008
3072
3022
3008
3008
3244
3022
8636
11306
5291
3016
3008
3008
1377
5325
8085
8085
10515
352
7764
5973
976
976
12905
12905
1798
5663
1798
976
3008
976
5886
976
976
1798
3008
3016
3078
976
3008
976
976
3008
3078
3008
976
976
191
1026
1015
201
279
3008
199
191
993
279
1018
279
279
1106
3008
279
279
976
1106
3016
976
3008
1106
3008
1015
3016
191
3008
3008
3008
1106
279
279
976
1106
6041
21
315
1352
8761
1431
8761
1431
1431
1431
1352
824
1431
5503
238
633
1431
633
21
3016
1431
315
824
412
21
5503
21
1431
238
412
3008
3008
3008
3008
1810
1015
1026
191
976
191
976
201
191
976
993
201
1018
3008
1018
3008
976
3016
976
1015
976
3008
3008
191
3016
3008
3008
1537
8085
11265
797
5503
5503
669
669
1534
5503
5503
1255
1255
1105
3008
3016
935
5503
8611
1744
1744
1105
8611
5503
5503
1137
5503
5503
5503
1534
935
797
1137
544
544
3008
3008
169
5973
3016
3008
3008
12020