3022
3008
3022
3008
3072
3022
3008
3008
3244
3022
3008
3008
706
3022
3008
3008
3311
3022
3008
3008
112605
3022
3008
3008
3151
3151
3311
3022
3008
3008
83434
3022
3008
3008
112657
3022
3023
3008
3008
53014
3023
3008
3008
0
3023
3008
3008
3008
3008
112870
190259
112873
39851
3159
3072
94484
94484
94484
3023
3008
3008
94484
94484
94484
94484
94484
94484
94484
94484
94484
94484
94484
3151
94484
94484
94484
3023
3008
3008
94484
94484
94485
94485
94485
94485
94485
94485
94485
94485
94485
94485
94485
94485
94485
94485
94485
94485
94485
94485
94485
94485
94485
94485
94485
94485
94485
94485
94485
94485
94485
94485
94485
94485
94485
94485
94485
94485
94485
94485
94485
94485
94485
94485
94485
94485
94485
94485
94485
94485
94486
94485
94486
94486
94486
94486
94486
94486
94486
94486
94486
94486
94486
94486
94486
94486
94486
94486
94486
94486
94486
94486
94486
94486
94486
94486
94486
94486
94486
94486
94486
94486
94486
94486
94486
94486
94486
94486
94486
94486
94486
94486
94486
94486
94486
94486
94486
94486
94486
94486
94486
94486
94486
94486
94486
94487
94486
94486
94487
94487
94487
94487
94487
94487
94487
94487
94487
94487
94487
94487
94487
94487
94487
94487
94487
94487
94487
94487
94487
94487
94487
94487
94487
94487
94487
94487
94487
94487
94487
94487
94487
94487
94487
94487
94487
94487
94487
94487
94487
94487
94487
94487
94487
94487
94487
94487
94487
94487
94487
94487
94487
94487
94488
94488
94488
94488
94488
94488
94488
94488
94488
94488
94488
94488
94488
94488
94488
94488
94488
94488
94488
94488
94488
94488
94488
94488
94488
94488
94488
94488
94488
94488
94488
94488
94488
94488
94488
94488
94488
94488
94488
94488
94488
94488
94488
94488
94488
94488
94488
94488
94488
94488
94488
94488
94488
94488
94488
94488
94488
94489
94489
94489
94489
94489
94489
94489
94489
94489
94489
94489
94489
94489
94489
94489
94489
94489
94489
94489
94489
94489
94489
94489
94489
94489
94489
94489
94489
94489
94489
94489
94489
94489
94489
94489
94489
94489
94489
94489
94489
94489
94489
94489
94489
94489
94489
94489
94489
94489
94489
94489
94489
94489
94490
94490
94490
94490
94490
94490
94490
94490
94490
94490
94490
94490
94490
94490
94490
94490
94490
94490
94490
94490
94490
94490
94490
94490
94490
94490
94490
94490
94490
94490
94490
94490
94490
94490
94490
94490
94490
94490
94490
94490
94490
94490
94490
94490
94490
94490
94490
94490
94490
94490
94490
94490
94490
94490
94491
94491
94491
94491
94491
94491
94491
94491
94491
94491
94491
94491
94491
94491
94491
94491
94491
94491
94491
94491
94491
94491
94491
94491
94491
94491
94491
94491
94491
94491
94491
94491
94491
94491
94491
94491
94491
94491
94491
94491
94491
94491
94491
94491
94491
94491
94491
94491
94491
94491
94491
94491
94491
94491
94491
94491
94492
94492
94492
94492
94492
94492
94492
94492
94492
94492
94492
94492
94492
94492
94492
94492
94492
94492
94492
94492
94492
94492
94492
94492
94492
94492
94492
94492
94492
94492
94492
94492
94492
94492
94492
94492
94492
94492
94492
94492
94492
94492
94492
94492
94492
94492
94492
94492
94492
94492
94492
94492
94492
94492
94492
94493
94493
94492
94492
94493
94493
94493
94493
94493
94493
94493
94493
94493
94493
94493
94493
94493
94493
94493
94493
94493
94493
94493
94493
94493
94493
94493
94493
94493
94493
94493
94493
94493
94493
94493
94493
94493
94493
94493
94493
94493
94493
94493
94493
94493
94493
94493
94493
94493
94493
94493
94493
94493
94493
94493
94493
94493
94493
94493
94493
94493
94493
94493
94494
94494
94494
94494
94494
94494
94494
94494
94494
94494
94494
94494
94494
94494
94494
94494
94494
94494
94494
94494
94494
94494
94494
94494
94494
94494
94494
94494
94494
94494
94494
94494
94494
94494
94494
94494
94494
94494
94494
94494
94494
94494
94494
94494
94494
94494
94494
94494
94494
94494
94494
94494
94494
94494
94494
94494
94494
94494
94494
94495
94494
94495
94495
94495
94495
94495
94495
94495
94495
94495
94495
94495
94495
94495
94495
94495
94495
94495
94495
94495
94495
94495
94495
94495
94495
94495
94495
94495
94495
94495
94495
94495
94495
94495
94495
94495
94495
94495
94495
94495
94495
94495
94495
94495
94495
94495
94495
94495
94495
94495
94495
94495
94495
94495
94495
94495
94495
94495
94495
94495
94495
94495
94496
94496
94496
94496
94496
94496
94496
94496
94496
94496
94496
94496
94496
94496
94496
94496
94496
94496
94496
94496
94496
94496
94496
94496
94496
94496
94496
94496
94496
94496
94496
94496
94496
94496
94496
94496
94496
94496
94496
94496
94496
3008
3023
3008
3008
112873
3072
3072
3072
3072
3072
3072
3072
3072
3072
3072
3072
3072
3072
3072
3072
3072
3072
3072
3073
3073
3073
3073
3072
3074
3073
3073
3073
3072
3073
3073
3073
3073
3073
3073
3073
3078
3074
3076
3077
3077
3075
3075
3076
3076
3075
3075
3023
3080
3023
3081
3082
3081
3081
3082
3082
3081
3080
3082
3081
3082
3081
3082
3082
3082
6193
3061
3008
3008
112870
3061
3008
3008
27234
3159
3061
3008
3008
3061
3008
3008
3117
3061
3008
3008
3061
3061
3008
6193
112870
3008
3159
3061
3008
3008
27234
3061
3008
3008
3061
3008
3008
27234
3159
3061
3008
3008
