3067
3008
3008
64484
3075
3067
3008
3008
3008
3067
3008
3075
3075
3125
3072
3129
3125
3125
3067
3008
3008
43076
3067
3008
3008
8971
1998
3082
3082
3082
83393
3067
3008
3008
3008
1457
3067
3008
3008
3085
3067
1457
3067
3008
3008
3086
3008
3067
3008
3008
3067
3008
3086
3067
3008
3008
3008
1457
3067
3008
3008
3087
3067
3008
3008
3067
3008
3008
3087
3067
3008
3008
3008
1457
3067
3008
3008
3088
3008
3088
3067
3008
3008
1457
3067
3008
3008
3067
3008
3008
3089
3067
3008
3008
1457
3067
3008
3008
3089
3008
3067
3008
3008
1457
3090
3067
3008
3008
3067
3008
3008
1457
3091
3008
3067
3008
3067
3008
3008
3091
3067
3008
3008
3092
1457
3067
3008
1457
3092
3008
3008
3067
3008
3008
3093
3067
3008
3008
3093
1457
3067
3008
3008
3067
3008
3008
3093
3067
3008
3008
3008
1457
3067
3008
3008
3094
3008
1457
3008
3067
3008
3094
3067
3008
3008
3095
3067
3008
3008
3095
1457
3067
3008
3008
3067
3008
3008
3095
3067
3008
3008
3096
3082
3067
3008
3008
47294
3008
3067
3008
3008
3098
3067
3008
47294
3098
3008
3008
3067
3008
3008
3116
3067
3008
3008
47294
3067
3008
3008
3117
3067
3008
3008
3117
3067
3008
3008
47294
3008
3067
3008
3117
3067
3008
47294
3067
3008
3008
3118
3067
3008
3008
3118
3067
3008
3008
3067
3008
47294
3067
3008
3008
47294
3118
3118
3067
3008
3008
3067
3008
3008
3119
3067
3008
3008
47294
3119
3067
3008
3067
3008
3008
3119
3067
3008
3008
3120
47294
3067
3008
3008
3120
3067
3008
3008
47294
3067
3008
3008
3120
3067
3008
3008
3121
3067
3008
3008
47294
3067
3008
3008
3121
3067
3008
3008
3121
3067
3008
3008
47294
3067
3008
3008
3122
3008
3122
47294
3067
3008
3008
3067
3008
3008
3122
3067
3008
3008
3123
3082
3067
3008
3008
3008
67005
3067
3008
3008
3008
67005
3123
3123
3067
3008
3008
3124
3067
3008
3008
67005
3067
3008
3008
3124
3008
3067
3008
3124
3067
3008
3008
67005
3067
3008
3008
3124
3008
3125
67005
3067
3008
3008
3067
3008
3008
3125
3067
3008
3008
3125
67005
3067
3008
3008
3126
3067
3008
3008
67005
3067
3008
3008
3126
3067
3008
3008
3126
3067
3008
3008
67005
3008
3067
3008
3127
3067
3008
3008
3127
3067
3008
3008
67005
3067
3008
3008
3127
67005
3128
3067
3008
3008
3067
3008
3008
3128
3067
3008
3008
67005
3067
3008
3008
3128
3067
3008
3008
3128
3067
3008
3008
67005
3067
3008
3008
3129
3067
3008
3008
3129
3067
3008
3008
67005
3067
3008
3008
47221
3129
3082
3130
3067
3008
3008
3067
3008
3008
3130
3067
3008
3008
47221
3067
3008
3008
3130
3067
3008
3008
3131
3067
3008
3008
47221
3131
3067
3008
3008
3067
3008
3008
3131
3067
3008
3008
47221
3132
3067
3008
3008
3067
3008
3008
3132
3067
3008
3008
47221
3132
3067
3008
3008
3067
3008
3008
3132
3067
3008
3008
3133
47221
3067
3008
3008
3133
3067
3008
3008
3008
47221
3067
3008
3008
3133
3067
3008
3008
3067
3008
3008
3134
3067
3008
3008
3134
47221
3067
3008
3008
3134
3067
3008
3008
47221
3067
3008
3008
3135
3067
3008
3008
3135
3067
3008
3008
47221
3067
3008
3008
3135
3067
3008
3008
3135
3067
3008
3008
47221
3067
3008
3008
3136
3067
3008
3008
3136
3067
3008
3008
47221
3136
3067
3008
3008
3067
3008
3008
3137
3067
3008
3008
47221
3137
3067
3008
3008
3067
3008
3008
3137
3067
3008
3008
47221
3067
3008
3008
3138
3067
3008
3008
3138
3008
3008
3067
47221
3138
3067
3008
3008
3067
3008
3008
3139
3067
3008
3008
47221
3139
3067
3008
3008
3139
3067
3008
47187
3139
83393
3067
3008
3008
3139
3067
3008
3008
47187
3067
3008
3008
3140
3140
3008
3067
3008
3008
47187
3067
3008
3008
3140
47187
3067
3008
3008
3067
3008
3008
3141
3067
3008
3008
3008
47187
3067
3008
3008
3008
47187
3141
3141
3067
3008
3008
3067
3008
3008
3142
3067
3008
3008
47187
3142
3067
3008
3008
3067
3008
3008
3142
3067
3008
3008
47187
3143
3067
3008
3008
3143
3008
3067
3008
47187
3067
3008
3008
3143
47187
3144
3067
3008
3008
3067
3008
3008
3144
3067
3008
3008
47187
3144
3067
3008
3008
3067
3008
3008
3144
3067
3008
3008
47187
3145
3067
3008
3008
3067
3008
3008
3145
3067
3008
3008
47187
3145
3067
3008
3067
3008
3008
3146
3067
3008
3008
3146
47187
3139
3067
3008
3008
3146
3067
3008
3008
47238
3067
3008
3008
3147
3067
3008
3008
3147
3067
3008
3008
47238
3067
3008
3008
3147
3067
3008
3008
3148
3067
3008
3008
47238
3008
47238
3067
3008
3008
3148
3148
3067
3008
3008
3067
3068
3008
3008
3149
3068
3008
3008
47238
3149
3008
47238
3149
3068
3008
3008
3068
3008
3008
3149
3068
3008
3008
3150
47238
3068
3008
3008
3068
3008
3008
3150
3068
3008
3008
3150
47238
3068
3008
3008
3151
3068
3008
3008
3008
47238
3068
3008
3008
3151
3068
3008
47238
3068
3008
3008
3151
3068
3008
3008
3152
3068
3008
3008
3068
47238
3008
3068
3008
3008
3008
47238
3152
3152
3068
3008
3008
3068
3008
3008
3153
3068
3008
3008
47238
3153
3008
3008
3068
3008
3008
3153
3068
3008
3008
3154
3139
3068
3008
3008
47238
3068
3008
3008
3154
3008
47238
3154
3068
3008
3008
3068
3008
3008
3154
3068
3008
3008
3155
47238
3068
3008
3008
3155
3068
3008
3008
47238
3068
3008
3008
47238
3155
3156
3068
3008
3008
3068
3008
3008
3156
3068
3008
3008
47238
3068
3156
3157
47238
3008
3008
3068
3008
3008
3157
3068
3008
3008
47238
3157
3068
3008
3008
3068
3008
3008
3158
3068
3008
3008
47238
3158
3008
3068
3008
3068
3008
3008
3158
3068
3008
3008
47238
3068
3008
3008
3159
3068
3008
3008
3159
3008
3068
3008
47238
3159
3068
3008
3008
3068
3008
3008
3159
3008
3068
3008
47238
3160
3068
3008
3008
3068
3008
3008
3160
3068
3008
3008
47238
3068
3008
3008
3160
3139
3068
3008
3008
3161
3068
3008
3008
67058
3068
3008
3008
3161
3068
3008
3008
3161
3068
3008
3008
67058
3162
3068
3008
3008
3008
3068
3008
3162
3068
3008
3008
67058
3162
3068
3008
3008
3068
3008
3008
3163
3068
3008
3008
67058
3163
3068
3008
3008
3068
3008
3008
3163
3068
3008
3008
67058
3163
3068
3008
3008
3068
3008
3008
3164
3008
3068
3008
3164
67058
3068
3008
3008
3164
3068
3008
3008
3008
67058
3068
3008
3008
3165
3008
67058
3165
3008
3068
3008
3068
3008
3008
3165
3068
3008
3008
3166
67058
3068
3008
3008
3166
3068
3008
3008
67058
3068
3008
3008
3166
3166
3008
3008
3068
3008
67058
3068
3008
3008
67058
3167
3068
3008
3008
3167
3068
3008
3008
3008
3068
67058
3068
3008
3008
3008
67058
3167
3168
3008
3068
3008
3068
3008
3008
3168
3068
3008
3008
3168
67058
3008
3008
3068
3008
3008
3169
3068
3008
3008
3169
3169
3008
67058
3068
3008
3008
3068
3008
3008
3170
3068
3008
3008
67058
3068
3008
3008
3170
3170
3068
3008
3008
83393
3068
3008
3008
3068
3125
3125
3170
3008
3008
3125
3008
3170
3008
67146
3068
3008
3008
3171
3068
3008
3008
3171
3008
3171
3068
3008
3008
67146
3008
67146
3068
3008
3008
3172
3068
3008
3008
3172
3068
3172
3008
3068
3008
3008
67146
3008
67146
3068
3008
3008
3172
3068
3008
3008
3173
3068
3008
3008
67146
3068
3008
3008
67146
3173
3173
3068
3008
3008
3174
3068
3008
3008
67146
3174
3068
3008
3008
3068
3008
3008
3174
3068
3008
3008
3174
67146
3068
3008
3008
3175
3068
3008
67146
3068
3008
3008
67146
3175
3175
3175
3008
3068
3008
3008
3008
67146
3068
3008
3008
3176
3008
67146
3176
3068
3008
3008
3068
3008
3008
3176
3068
3008
3008
3177
3170
3068
3008
3008
68334
3068
3008
3008
3177
3008
3177
3068
3008
3008
3068
68334
3068
3008
3008
3177
3008
68334
3178
3068
3008
3008
3068
3008
3008
3178
3068
3008
3008
68334
3178
3068
3008
3008
3082
3068
3008
3008
68334
3068
3008
3008
3179
3068
3008
3008
3179
3068
3008
3008
68334
3179
3008
3180
3068
3008
3008
68334
3068
3008
3008
3180
3008
68334
3068
3008
3008
3180
3068
3180
3068
3008
3008
3008
68334
3068
3008
3008
3181
3068
3008
3008
3181
68334
3068
3008
3008
3181
3068
3008
3008
68334
3008
68334
3182
3182
3068
3008
3008
3068
3008
3008
3182
3068
3008
3008
68334
3182
3008
3183
3170
3068
3008
3008
3008
68543
3068
3008
3008
3183
3068
3008
3008
3183
3068
3008
3008
68543
3068
3008
3008
3184
3068
3184
3008
3068
3008
3008
3008
68543
3068
3008
3008
3184
3068
3008
3008
68543
3184
3068
3008
3008
3185
3068
3008
3008
68543
3008
68543
3185
3185
3068
3008
3008
3068
3008
3008
3186
3068
3008
3008
3008
68543
3186
3186
3068
3008
3008
3008
68543
3068
3008
3008
3186
3068
3008
3008
3187
3068
3008
3008
3187
68543
3008
68543
3068
3008
3008
3187
3068
3008
3008
3188
3068
3008
3008
68543
3008
68543
3068
3008
3008
3188
3188
3068
3008
3008
3188
3068
3008
68543
3068
3008
3008
3189
3008
3189
3068
3008
3008
68543
3068
3008
3008
3189
3008
48973
3068
3008
3008
3190
3170
3068
3008
3008
3190
3068
3008
3008
48973
3068
3008
3008
3190
3190
48973
3068
3008
3008
3068
3008
3008
3191
3068
3008
3008
3191
48973
3068
3008
3008
3191
3068
3008
3008
48973
3068
3008
3008
3192
3008
3192
3068
3008
3008
3008
48973
3068
3008
3008
48973
3192
3192
3068
3008
3008
3193
3068
3008
3008
48973
3068
3008
3008
3193
3068
3008
3008
3193
3068
3008
3008
3008
48973
3194
3194
3068
3008
3008
3068
3008
3008
48973
3194
3068
3008
3008
3194
3008
3195
3068
3008
3008
48973
3068
3008
3008
3077
3068
3008
3008
48973
3008
48973
3195
3195
3068
3008
3008
3068
3008
3008
3196
3068
3008
3008
48973
3068
3008
3008
3196
3068
3008
3008
3196
3068
3008
3008
48973
3197
3068
3069
3008
3008
3197
3069
3008
3008
48973
3069
3008
3008
48973
3197
3198
3069
3008
3008
3069
3008
3008
3198
3069
3008
3008
48973
3198
3198
3008
3069
3008
3008
83393
3069
3008
3008
3198
3069
3008
3008
49068
3069
3008
3008
3199
3177
3069
3008
3008
49068
3008
3069
3008
3199
3069
3008
3008
3199
3008
49068
3069
3008
3008
3200
3069
3008
3008
3200
3069
3008
3008
3008
49068
3069
3008
3008
3008
49068
3200
3201
3008
3069
3008
3201
3069
3008
3008
49068
3008
49068
3201
3201
3069
3008
3008
3069
3008
3008
3202
3069
3008
3008
49068
3069
3008
3008
3202
3202
3008
3069
3008
3008
49068
3069
3008
3008
49068
3203
3069
3008
3008
3203
3069
3008
3008
3008
49068
3008
49068
3069
3008
3008
3203
3204
3069
3008
3008
3204
3069
3008
3008
49068
3069
3008
3008
3204
3069
3008
3008
3204
3069
3008
3008
49068
3069
3008
3008
3205
3198
3069
3008
3008
3205
3069
3008
3008
64191
3205
3069
3008
3008
3206
3069
3008
3008
64191
3008
64191
3206
3206
3069
3008
3008
3069
3008
3008
3206
3069
3008
3008
3207
3008
3207
64191
3069
3008
3008
3069
3008
3008
3207
3069
3008
3008
64191
3069
3008
3008
3207
3008
3208
3069
3008
3008
64191
3069
3008
3008
64191
3208
3069
3008
3008
3208
3069
3008
3008
64191
3008
64191
3069
3008
3008
3208
3209
3209
3008
3069
3008
3008
3008
64191
3069
3008
3008
3209
3008
64191
3210
3069
3008
3008
3069
3008
3008
3210
3069
3008
3008
3210
64191
3069
3008
3210
3069
3008
3008
64191
3211
3008
3211
3198
3069
3008
3008
3069
3008
3008
3211
3069
3008
3008
3211
64395
3069
3008
3008
3212
3069
3008
3008
64395
3069
3008
3008
3212
3212
3069
3008
3008
3008
64395
3069
3008
3008
3212
3069
64395
3213
3069
3008
3008
3213
3069
3008
3008
64395
3069
3008
3008
3213
3213
3008
3069
3008
3008
3008
64395
3069
3008
3008
3214
3008
64395
3214
3069
3214
3069
3008
3008
3069
3008
3008
3008
64395
3069
3008
3008
3214
3069
3008
64395
3215
3069
3008
3008
3215
3069
3008
3008
64395
3069
3008
3008
3215
3008
3215
3069
3008
3008
3008
64395
3069
3008
3008
3216
3008
64395
3216
3069
3008
3008
3069
3008
3008
3216
3069
3008
3008
3216
64395
3069
3008
3008
3217
3069
3008
3008
3217
3217
3198
3008
3069
3008
3008
3008
47466
3069
3008
3008
3008
47466
3217
3218
3069
3008
3008
3069
3008
3008
3218
3069
3008
3008
47466
3218
3069
3008
3008
3218
3069
3008
3008
3008
47466
3219
3219
3069
3008
3008
3069
3008
3008
3219
3069
3008
3008
47466
3069
3008
3008
3219
3220
3008
3069
3008
3008
3069
47466
3008
3069
3008
3008
3220
3008
47466
3069
3220
3008
3220
3008
3008
3069
3008
3008
3008
47466
3069
3008
3008
3221
3008
47466
3221
3008
3221
3069
3008
3008
47466
3069
3008
3008
3221
3008
47466
3069
3008
3008
3222
3008
3222
3069
3008
3008
47466
3008
47466
3069
3008
3008
3222
3222
3069
3008
3008
3069
3008
3008
3223
3069
3008
3008
47466
3223
3069
3008
3008
3223
3069
3008
3008
47466
3069
3008
3008
47466
3223
3224
3069
3008
3008
3069
3008
3008
3224
3069
3008
3224
3008
3224
47466
3069
3008
3069
3008
3008
3008
3225
3069
3008
3008
83393
3008
47562
3069
3008
3008
3225
3225
3008
3069
3008
3008
3008
47562
3069
3008
3008
3226
3069
3226
47562
3008
3008
3069
3008
3008
3226
3069
3008
3008
3226
47562
3069
3008
3008
3227
3069
3008
3008
47562
3069
3008
3008
3227
3227
3008
3069
3008
3008
3008
47562
3069
3008
3008
3227
3008
47562
3228
3008
3069
3008
3069
3008
3008
3228
3069
3008
3008
47562
3228
3069
3008
3008
3228
3069
3008
3008
47562
3069
3008
3008
3229
3069
3008
3008
3229
3069
3008
3008
3229
47562
3069
3008
3008
3230
3069
3008
3008
47562
3069
3008
3008
3230
3069
3230
3069
3008
3008
47562
3069
3008
3008
47562
3230
3069
3008
3008
3231
3225
3069
3008
3008
3231
3069
3008
3008
47693
3069
3008
3008
3231
3232
3008
3069
3008
3008
3008
47693
3069
3008
3008
3232
3008
47693
3232
3008
3069
3008
3069
3008
3008
3232
3069
3008
3008
3233
3233
3008
47693
3069
3008
3008
3008
47693
3008
3069
3008
3233
3069
3008
3008
3233
3008
3234
3069
3008
3008
3008
47693
3069
3008
3008
3234
3069
3008
3008
3234
3008
3234
3008
3069
3008
47693
3008
3069
3008
3008
3008
47693
3235
3069
3008
3008
3235
3069
3008
3235
3069
3008
3008
3235
47693
3069
3008
3008
3236
3069
3008
3008
47693
3236
3069
3008
3008
3236
3069
3008
3008
47693
3237
3069
3237
3225
3008
3008
3069
71771
3069
3008
3008
3237
3069
3008
3008
3237
3069
3008
3008
71771
3008
71771
3069
3008
3008
3238
3238
3069
3008
3008
3238
3069
3008
3008
71771
3008
71771
3238
3239
3069
3008
3008
3069
3008
3008
3239
3069
3008
3008
71771
3069
3008
3008
3239
3239
3008
3069
3008
3008
3008
71771
3069
3008
3008
3240
3069
3008
3008
3240
3008
3240
71771
3069
3008
3008
3069
3008
3008
3240
3069
3008
3008
71771
3069
3008
3008
3241
3008
3241
3069
3008
3008
3008
71771
3069
3008
3008
3241
3008
71771
3241
3069
3008
3008
3242
3069
3008
3008
71771
3069
3008
3008
3242
3242
3008
3069
3008
3008
3008
71771
3069
3008
3008
3242
3069
3243
3008
3225
3008
3008
3069
3008
3008
3243
71899
3069
3008
3008
3243
3008
3244
3069
3070
3008
3008
71899
3008
71899
3008
3070
3008
3244
3070
3008
3008
3244
3070
3008
3008
3008
71899
3070
3008
3008
71899
3244
3245
3070
3008
3008
3245
3070
3008
3008
71899
3245
3245
3246
3008
3070
3008
3008
71899
3070
3008
3008
3246
3008
71899
3070
3008
3008
3246
3008
3246
3070
3008
3008
3008
71899
3070
3008
3008
3247
3008
71899
3247
3070
3008
3008
3247
3070
3008
3008
71899
3008
71899
3247
3248
3070
3008
3008
3070
3008
3008
3248
3070
3008
3008
71899
3070
3008
3008
3248
3008
3248
3070
3008
3008
3008
71899
3070
3008
3008
3249
3008
71899
3249
3070
3008
3008
3070
3008
3008
3137
3070
3008
3008
3249
3008
3250
71899
3070
3008
3008
3070
3008
3008
3250
3070
3008
3008
71899
3070
3008
3008
3250
3008
3251
3070
3008
3008
3008
71899
3070
3008
3008
3251
83393
71899
3251
3008
3251
3070
3008
3008
3070
3008
3008
3251
3070
3008
3008
32110
3070
3008
3008
3252
3008
3252
3070
3008
3008
3070
32110
3070
3008
3008
3244
3008
32110
3070
3008
3008
3252
3070
3008
3008
3252
3070
3008
3008
3008
32110
3253
3253
3070
3008
3008
3070
3008
3008
32110
3253
3070
3008
3008
3254
3008
3254
3070
3008
3008
3008
32110
3070
3008
3008
3254
3070
3008
3008
3255
3008
3255
3070
3008
3008
32110
3070
3008
3008
3255
3070
3008
3008
32110
3008
32110
3255
3256
3070
3008
3008
3070
3008
3008
3254
3070
3008
3008
3008
3256
3256
32110
3070
3008
3008
3070
3008
3008
3257
3070
3008
3008
32110
3070
3008
3008
3257
3256
3251
3070
3008
3008
3008
32136
3070
3008
3008
3257
3070
3008
3008
3258
3070
3008
3008
32136
3070
3008
3008
3258
3008
3258
3070
3008
3008
3070
3008
32136
3070
3008
3008
32136
3259
3259
3070
3008
3008
3259
3070
3008
3008
3259
32136
3070
3008
3008
3260
3070
3008
3008
32136
3070
3008
32136
3260
3260
3008
3008
3070
3008
3008
3260
3070
3008
3008
32136
3070
3008
3008
3261
3261
3070
3008
3008
3008
32136
3070
3008
3008
3261
3008
3261
3070
3008
3008
32136
3070
3008
3008
3262
3070
3008
3008
32136
3008
3262
3254
3070
3008
3008
3070
3008
3008
3262
3070
3008
3008
3263
3008
32136
3263
3070
3008
3008
3070
3008
3263
3070
3008
3008
3251
3263
3264
3008
3070
3008
3008
32172
3070
3008
3008
3070
3008
3008
3264
3070
3008
3008
3263
32172
3070
3008
3008
3265
3070
3008
3008
32172
3070
3008
3008
3265
3070
3008
3008
3265
3070
3008
3008
32172
3265
3262
3008
3070
3008
3008
32172
3070
3008
3008
3266
3070
3008
32172
3070
3008
3008
3266
3070
3008
3008
3266
3070
3008
3008
32172
3267
3008
32172
3244
3070
3008
3008
3070
3008
3008
3267
3070
3008
3008
3267
32172
3070
3008
3008
3262
3070
3008
3008
32172
3268
3070
3008
3008
3268
3070
3008
3008
32172
3070
3008
3008
3268
3070
3008
3008
3269
3070
3008
3008
32172
3269
3070
3008
3008
3269
3070
3008
3008
3270
3251
3070
3008
3008
49625
3070
3008
3008
49625
3270
3270
3070
3008
3008
3270
3070
3008
3008
3271
49625
3070
3008
3008
3271
3070
3008
3008
49625
3070
3008
3008
3271
3271
3008
3070
3008
3008
3070
49625
3008
3070
3008
3008
3272
3070
3008
3008
49625
3272
3070
3008
3008
3272
3070
3008
3008
49625
3272
3070
3008
3008
3273
3070
3008
3008
49625
3070
3008
3008
3273
3273
3008
3070
3008
3008
3070
49625
3070
3008
3008
3273
3008
49625
3274
3070
3008
3008
3070
3008
3008
3274
3070
3008
3008
49625
3274
3070
3008
3008
3275
3070
3008
3008
49625
3008
49625
3275
3275
3070
3008
3008
3070
3008
3008
3275
3070
3008
3008
49625
3008
3276
3276
49625
3070
3008
3008
3070
3008
3008
3276
3070
3008
3008
3276
49625
3070
3008
3008
3277
3070
3008
3008
3277
3008
3277
49625
3070
3008
3008
3070
3008
3008
3277
3008
32440
3070
3008
3008
3278
3278
3070
49625
3070
3008
3008
83393
3070
3008
3008
32440
3070
3008
3008
32440
3278
3279
3008
3279
3070
3008
3008
3008
32440
3070
3008
3008
3008
32440
3279
3279
3070
3008
3008
3280
3070
3008
3008
32440
3070
3008
3008
3280
3280
3070
3070
3008
3008
32440
3070
3008
3008
32440
3280
3070
3008
3008
3281
3070
3008
3008
32440
3008
32440
3070
3008
3008
3281
3281
3070
3008
3008
3281
3070
3008
3008
3282
3008
32440
3282
3070
3008
3008
3070
3008
3008
3282
3070
3008
3008
32440
3283
3070
3008
3008
3283
3070
3008
3008
32440
3283
3283
3008
3070
3008
3008
32440
3070
3008
3008
3284
3070
3008
3008
3284
3278
3070
3008
3008
32440
3070
3008
3008
3284
3008
3284
3070
3008
3008
3008
32440
3070
3008
3008
32440
3285
3285
3070
3008
3008
3285
3070
3008
3008
32440
3285
3008
3070
3008
3070
3008
3008
3286
3070
3008
3008
32440
3286
3070
3008
3008
3286
3070
3008
3008
32440
3286
3070
3008
3008
3287
3070
3008
3008
32440
3070
3008
3008
3287
3287
3008
3070
3008
3008
3008
32440
3070
3008
3008
3287
3008
32440
3070
3008
3288
3008
3288
3070
3008
3008
3008
32440
3070
3008
3008
3288
32440
3008
3289
3070
3008
3008
3070
3008
3008
3289
3070
3008
3008
32440
3289
3070
3008
3008
3289
3070
3008
3008
3290
32440
3278
3070
3008
3008
3290
3070
3008
3008
49910
3070
3008
3008
3290
3290
3070
3008
3008
3008
49910
3070
3008
3008
49910
3291
3291
3291
3008
3070
3008
3008
49910
3070
3008
3008
49910
3291
3070
3071
3008
3008
3292
3071
3008
3008
49910
3071
3008
3008
3292
3071
3292
3071
3008
3008
49910
3008
49910
3071
3008
3008
3292
3293
3071
3008
3008
3293
3071
3008
3008
49910
3008
49910
3293
3293
3071
3008
3008
3071
3008
3008
3294
3071
3008
3008
49910
3008
49910
3294
3294
3071
3008
3008
3071
3008
3008
3294
3071
3008
3008
3295
49910
3071
3008
3008
3295
3071
3008
3008
49910
3295
3008
3278
3295
3071
3008
3008
3008
83343
3071
3008
3008
3296
3071
3008
3008
3296
3071
3008
3008
83343
3071
3008
83343
3071
3008
3008
3296
3296
3071
3008
3008
3297
3008
3071
3008
3297
83343
3071
3008
3008
3297
3071
3008
3008
83343
3008
83343
3298
3298
3071
3008
3008
3071
3008
3008
3298
3071
3008
3008
83343
3008
83343
3298
3299
3071
3008
3008
3071
3008
3008
3299
3071
3008
3008
3299
83343
3071
3008
3008
3299
3071
3008
3008
83343
3071
3008
3008
3300
3300
3008
3071
3008
3008
3008
83343
3071
3008
3008
3300
3008
83343
3300
3301
3071
3008
3008
3008
3071
3008
3008
3008
83343
3071
3008
3008
83343
3301
3301
3071
3008
3008
3301
3071
3008
3008
3302
3008
83343
3302
3071
3008
3008
3071
3008
3008
3302
3071
3008
3008
3302
83343
3008
3303
3071
3008
3008
3071
3008
3008
3303
3071
3008
3008
3008
83343
3071
3008
3008
3303
3303
3071
3008
3008
3008
3303
3071
3008
3008
83427
83393
3071
3008
3008
3304
3008
3304
3071
3008
3008
3008
83427
3071
3008
3008
3304
3071
3008
3008
3304
3071
3008
3008
83427
3008
83427
3071
3008
3008
3305
3305
3305
3008
3071
3008
3008
3008
83427
3008
3071
3008
3305
3071
3008
3008
83427
3306
3306
3071
3008
3008
3071
3008
3008
3306
3071
3008
3008
3071
3306
83427
3307
3008
3008
3071
3008
3008
3307
3071
3008
3008
3307
3008
83427
3307
3071
3008
3008
3071
3008
3008
3308
3071
3008
3008
83427
3008
83427
3308
3308
3071
3008
3008
3071
3008
3008
3308
3071
3008
3008
83427
3309
3309
3008
3303
3071
3008
3008
3008
83428
3071
3008
3008
3309
3071
3008
3008
3309
3071
3310
3071
3008
3008
83428
3008
83428
3071
3008
3008
3310
3071
3008
3008
3310
3008
3071
3008
83428
3071
3008
3008
3310
3071
3008
3008
3311
3311
3071
3008
3008
3008
83428
3071
3008
3008
3008
83428
3311
3311
3312
3071
3071
3008
3008
83428
3071
3008
3008
3008
3312
83428
3071
3008
3008
3312
3071
3008
3008
3312
3071
3008
3008
3313
3008
3313
83428
3071
3008
3008
3071
3008
3008
3313
3071
3008
3008
3008
3314
3313
83428
3071
3008
3008
3008
3071
3008
3314
3071
3008
3008
3008
3314
3314
83428
3071
3008
3008
3071
3008
3008
3315
3071
3008
3008
3315
3008
3315
3303
3071
3008
3008
66606
3008
3071
3008
3008
3315
3071
3008
3008
3316
3008
3316
3071
3008
3008
66606
3071
3008
3008
3316
3071
3008
3008
66606
3316
3317
3008
3008
3071
3008
66606
3071
3008
3008
3317
3008
66606
3071
3008
3008
3317
3008
3317
3071
3008
3008
66606
3071
3008
3008
3008
66606
3318
3071
3008
3008
3318
3318
3008
3071
3008
3008
3071
66606
3008
3071
3008
3008
3318
3008
66606
3319
3008
3071
3008
3071
3008
3008
3319
3071
3008
3008
3319
3319
3008
66606
3008
3071
3008
3071
3008
3008
3320
3008
3071
3008
3320
66606
3071
3008
3008
3320
3008
3071
3008
3320
3008
66606
3321
66724
3303
3071
3008
3008
3071
3008
3008
3321
3008
3071
3008
3321
3321
66724
3071
3008
3008
3071
3008
3008
3321
3071
3008
3008
66724
3008
3071
3008
3322
3008
3322
3071
3008
3008
66724
3071
3008
3008
66724
3322
3008
3071
3008
3323
3008
3323
3071
3008
3008
66724
3071
3008
3008
3323
3008
3071
3008
66724
3071
3008
3008
3323
3324
3071
3008
3071
3008
66724
3071
3008
3008
3324
3008
66724
3071
3008
3008
3324
3071
3008
3008
3324
3071
3008
3008
66724
3008
66724
3071
3008
3008
3325
3325
3008
3071
3008
3071
3008
3008
3325
3071
3008
3008
3326
66724
3071
3008
3008
3326
3071
3008
3008
3326
66724
3071
3008
3008
3326
3071
3008
3008
66724
3008
66724
3327
3327
3008
3071
3008
3071
3008
3008
3327
3071
3008
3008
3327
66724
3071
3008
3008
3328
3071
3008
3008
66724
3008
66724
3328
3328
3071
3008
3008
3071
3008
3008
3329
3071
3008
3008
3329
66724
3071
3008
3008
83393
3071
3008
3008
83608
3071
3008
3008
3329
3329
3071
3008
3008
83608
3071
3008
3008
3330
3008
3330
3071
3008
3008
3008
83608
3071
3008
3008
83608
3330
3331
3008
3071
3008
3331
3071
3008
3008
83608
3331
3331
3008
3071
3071
3008
3008
83608
3008
3071
3008
3332
3008
83608
3071
3008
3008
3332
3008
3332
3071
3008
3008
3008
83608
3008
3071
3008
3332
3071
3008
3008
3333
3008
83608
3071
3008
3008
3333
3071
3008
3008
3333
3008
3333
3008
3071
3008
3008
83608
3008
3071
3008
3334
3008
83608
3334
3008
3071
3008
3071
3008
3008
3334
3008
3071
3008
3335
83608
3071
3008
3008
3335
3071
3008
3008
3335
3329
3071
3008
3008
3008
66937
3071
3008
3008
66937
3335
3336
3008
3071
3008
3336
3071
3008
3008
66937
3071
3008
3008
66937
3336
3337
3071
3008
3008
3008
3071
3008
3337
3071
3008
3008
3337
3008
66937
3337
3071
3008
3008
3071
3008
3008
3338
3071
3008
3008
3338
66937
3071
3008
3008
3338
3071
3008
3008
66937
3008
66937
3338
3339
3071
3008
3008
3071
3008
3008
3339
3071
3008
3008
66937
3008
66937
3339
3339
3071
3008
3008
3071
3072
3008
3008
3340
3072
3008
3008
66937
3340
3008
3072
3008
3072
3008
3008
3340
3008
3072
3008
3341
66937
3008
3008
3008
3341
3008
3008
3008
66937
3008
3008
3008
3341
3329
3008
3008
3008
3341
3008
3008
3008
3342
50991
3008
3008
3008
3342
3008
3008
3008
50991
3342
3008
3342
3008
3008
3008
3008
50991
3008
3008
3008
3343
3008
50991
3008
3008
3008
3343
3008
3008
3008
3008
3008
3343
3008
3008
3008
3344
50991
3008
3008
3008
3344
3008
3008
3008
50991
3008
3008
3008
3344
3008
3008
3008
3344
3008
3008
3008
50991
3345
3008
3008
3008
3008
3008
3008
3345
3008
3008
3008
3345
50991
3008
3008
3008
3346
3008
3008
3008
50991
3008
3008
3008
3346
3008
3008
3008
3346
3008
3008
3008
50991
3008
3008
3008
3347
3008
3008
3008
3347
3008
3008
3008
50991
3347
3008
3347
3008
50991
3008
3008
3008
3008
3008
3348
3008
3008
3008
3348
3329
3008
3008
3008
51112
3008
3008
3008
3008
3008
51112
3348
3349
3008
3008
3008
3349
3008
3008
3008
51112
3008
51112
3349
3349
3008
3008
3008
3008
3008
3008
3350
3008
3008
3008
51112
3350
3008
3008
3008
3008
3008
3008
3350
3008
3008
3008
51112
3351
3008
3008
3008
3351
3008
3008
3008
51112
3008
51112
3351
3351
3008
3008
3008
3008
3008
3008
3352
3008
3008
3008
51112
3008
51112
3008
3008
3008
3352
3352
3008
3008
3008
3008
3008
3008
3353
3008
3008
3008
3353
51112
3008
3008
3008
3353
3008
3008
3008
51112
3008
3008
3008
3353
3008
3008
3008
3354
3008
3008
3008
51112
3008
3008
3008
3354
3008
3008
3008
3354
3008
3008
3008
51112
3355
3008
3008
3008
3008
3008
3008
3355
3008
3008
3008
51112
3355
3008
3008
3008
3356
3008
3008
3008
3008
51112
3008
3008
3008
3356
3008
51112
3356
3008
3008
3008
3008
3008
3008
3356
3008
3008
3008
51112
3357
3008
3008
3008
3357
3008
3008
3008
3008
83393
3008
3008
3008
51202
3008
51202
3357
3358
3008
3008
3008
3008
3008
3008
3358
3008
3008
3008
51202
3358
3008
3359
3008
3008
3008
51202
3008
3008
3008
3008
3008
3008
3359
3008
3008
3008
51202
3008
3008
3008
3359
3008
3008
3008
3359
3008
3008
3008
51202
3008
3008
3008
3360
3008
3360
3008
3008
3008
51202
3008
3008
3008
3360
51202
3008
3008
3008
3361
3008
3008
3008
3008
51202
3008
3008
3008
51202
3361
3361
3008
3008
3008
3362
3008
3008
3008
51202
3008
51202
3362
3362
3008
3008
3008
3008
3008
3008
3362
3008
3008
3008
3363
51202
3008
3008
3008
3363
3008
3008
3008
51202
3008
3008
3008
3363
3008
3008
3008
3363
3008
3008
3008
3364
3357
3008
3008
51334
3008
51334
3008
3008
3008
3364
3364
3008
3008
3008
3008
3008
3008
3365
3008
3008
3008
3365
51334
3008
3008
3008
3008
3008
3008
3365
3008
3008
3008
3365
51334
3008
3008
3008
3366
3008
3008
3008
51334
3008
3008
3008
3366
3008
3366
3008
3008
3008
51334
3008
3008
3008
51334
3367
3008
3008
3008
3367
3008
3008
3008
51334
3008
3008
3008
3367
3008
3367
3008
3008
3008
3008
51334
3008
3008
3008
3008
51334
3368
3368
3008
3008
3008
3368
3008
3008
3008
51334
3008
51334
3008
3008
3008
3369
3369
3008
3008
3008
3369
3008
3008
3008
51334
3369
3370
3008
3008
3008
3008
51334
3008
3008
3008
3008
3008
3008
3370
3008
3008
3008
3370
3357
3008
3008
3008
51486
3008
3008
3008
3008
3008
51486
3370
3371
3008
3008
3008
3371
3008
3008
3008
51486
3008
51486
3371
3372
3008
3008
3008
3008
3008
3008
3372
3008
3008
3008
3372
51486
3008
3008
3008
3372
3008
3008
3008
51486
3008
3008
3008
3373
3008
3373
3008
3008
3008
51486
3008
3008
3008
51486
3373
3008
3008
3374
3008
3008
3008
51486
3008
3008
3008
3374
3008
3374
3008
3008
3008
3008
51486
3008
3008
3008
51486
3374
3375
3008
3008
3008
3375
3008
3008
3008
51486
3008
51486
3008
3008
3008
3375
3375
3008
3008
3008
3008
3008
3008
3376
3008
3008
3008
3376
51486
3008
3008
3008
3376
3008
3008
3008
3377
3357
3008
3008
3008
3008
51605
3008
3008
3008
3008
51605
3377
3377
3008
3008
3008
3377
3008
3008
3008
51605
3008
3008
3008
3378
3008
3378
3008
3008
3008
3008
51605
3008
3008
3008
3378
3008
51605
3378
3008
3008
3008
3008
3008
3008
3379
3008
3008
3008
3379
51605
3008
3008
3008
3008
3008
3008
3379
3008
3008
3008
3008
51605
3008
3008
3008
3008
3380
3380
3008
3008
3008
3008
3008
3008
3380
3008
3008
3008
51605
3008
3008
3008
3380
3008
3008
3008
3381
3008
3008
3008
51605
3381
3008
3008
3008
3008
3008
3008
3381
3008
3008
3008
3382
3008
3382
51605
3008
3008
3008
3008
3008
3382
3008
3008
3008
3382
51605
3008
3008
3008
3383
3008
3008
3008
51605
3008
51605
3383
3383
3008
3008
3008
3008
3008
3008
3384
3008
3008
3008
3384
51605
3008
3008
3008
3384
3008
3008
3008
51605
3384
3008
3008
3008
3008
3008
3008
3385
3008
3008
3008
3385
51605
3008
3385
3008
3008
3008
83393
3008
3008
3008
51691
3385
3385
3008
3009
3008
3008
3008
3009
3008
3386
3009
3008
3008
3008
51691
3008
3009
3386
3008
3386
3008
3009
3008
3008
51691
3009
3008
3008
3387
51691
3008
3387
3008
3009
3008
3009
3008
3008
3387
3008
3009
3008
3387
51691
3009
3008
3008
3388
3009
3008
3008
51691
3008
51691
3388
3388
3008
3009
3008
3009
3008
3008
3388
3009
3008
3008
3008
3389
3389
51691
3009
3008
3008
3009
3008
3008
3389
3009
3008
3008
3008
51691
3390
3390
3008
3009
3008
3008
3009
3008
51691
3008
3390
3009
3008
3008
3390
3008
3391
3009
3008
3008
51691
3009
3008
3008
3391
3009
3008
3008
51691
3008
3009
3008
3391
3009
3391
3385
3008
3008
3009
3008
51824
3008
3009
3008
3008
3392
3008
51824
3392
3008
3009
3008
3009
3008
3008
3392
3009
3008
3008
3392
51824
3009
3008
3008
3393
3009
3008
3008
51824
3393
3393
3008
3009
3008
3008
51824
3009
3008
3008
3393
3009
3008
51824
3009
3008
3008
3394
3009
3008
3008
3394
3009
3008
3008
51824
3394
3008
3394
3009
3008
3008
51824
3009
3008
3008
3395
3008
51824
3009
3008
3008
3395
3009
3008
3008
3009
3008
3008
3395
3009
3008
3008
3395
3396
3009
51824
3008
3008
3009
3008
3008
3396
3009
3008
3008
51824
3396
3009
3008
3008
3397
3009
3008
3008
51824
3397
3009
3008
3008
3397
3009
3008
3008
3397
3009
3385
3008
3008
13322
3008
3009
3008
3008
13322
3398
3398
3009
3398
3009
3008
3008
13322
3009
3008
3008
3398
3008
13322
3009
3008
3008
3399
3008
3399
3009
3008
3008
13322
3009
3008
3008
13322
3399
3009
3008
3008
3399
3009
3008
3008
13322
3008
13322
3009
3008
3008
3400
3400
3400
3008
3008
3009
3009
3009
3008
3008
3008
13322
3009
3008
3008
3400
3009
3008
13322
3401
3009
3008
3008
3401
3009
3008
3008
13322
3008
13322
3009
3008
3008
3401
3401
3009
3008
3008
3402
3009
3008
3008
13322
3009
3008
13322
3402
3402
3008
3008
3009
3008
3008
3403
3009
3008
3008
13322
3009
3008
3008
3403
3008
3403
3009
3385
3008
3008
3009
3008
3008
3403
3009
3008
3008
13445
3404
3009
3008
3008
3404
3009
3008
3008
13445
3008
13445
3404
3404
3009
3008
3008
3009
3008
3008
3405
3009
3008
3008
3405
3008
13445
3405
3009
3008
3008
3009
3008
3008
3405
3009
3008
3008
3009
3008
13445
3009
3008
3008
3406
3406
3009
3008
3008
13445
3406
3009
3008
3008
3406
3009
3008
3008
13445
3009
3008
3008
13445
3407
3407
3407
3008
3009
3008
3008
3008
13445
3009
3008
3008
3407
3008
13445
3009
3008
3008
3408
3408
3009
3008
3008
3008
13445
3009
3008
3008
3408
3008
13445
3408
3009
3008
3008
3409
3009
3008
3008
13445
3008
13445
3009
3008
3409
3409
3008
3008
3009
3008
3008
3410
3009
3008
3008
3008
13445
3410
3410
3008
3009
3008
3008
13445
3009
3008
3008
3410
3009
3008
3008
3411
3009
3008
3008
13445
3009
3008
3008
3411
3411
3008
3411
3009
3008
3008
83393
13445
3009
3008
3008
3412
13531
3411
3008
3008
3009
3008
3008
3412
3009
3008
3008
3008
13531
3009
3008
3008
3412
3412
3008
3008
3009
3008
3008
3413
3009
3008
3008
13531
3413
3009
3008
3008
3413
3009
3008
3008
13531
3009
3008
3008
3413
3414
3008
3009
3008
3008
3008
13531
3009
3008
3008
3414
3009
3008
3008
3414
13531
3009
3008
3008
3415
3009
3008
3008
3008
13531
3415
3415
3009
3008
3008
3008
13531
3009
3008
3008
3415
3009
3008
3008
3416
3009
3008
3008
13531
3008
13531
3009
3008
3008
3416
3416
3008
3008
3009
3008
3008
3416
3009
3008
3008
3417
13531
3009
3008
3008
3417
3009
3008
3008
13531
3417
3417
3008
3411
3009
3008
3008
13287
3009
3008
3008
3418
3009
3008
3008
3008
13287
3418
3418
3009
3008
3008
3008
13287
3009
3008
3008
3418
3009
3008
3008
3419
3009
3008
3008
13287
3008
13287
3009
3008
3008
3419
3419
3009
3008
3009
3008
3008
3419
3009
3008
3008
3008
13287
3420
3420
3009
3008
3008
3008
13287
3009
3008
3008
3420
3009
3008
3008
3421
3009
3008
3008
3421
3009
13287
3009
3008
3008
3421
3008
13287
3009
3008
3008
3421
3009
3008
3008
3422
3009
3008
3008
3422
13287
3009
3008
3008
3009
3008
3008
3422
3009
3008
3008
3008
13287
3423
3423
3009
3008
3008
3008
13287
3009
3008
3008
3423
3009
3008
3008
3423
3411
3009
3008
3008
3424
3009
3008
3008
13823
3424
3009
3008
3008
3009
3008
3008
3424
3009
3008
3008
13823
3424
3009
3008
3008
3425
3009
3008
3008
13823
3009
3008
3008
3425
3008
3008
3009
3425
3009
3008
3008
3426
3009
13823
3426
3008
3008
3008
3009
3008
3008
3426
3009
3008
3008
13823
3008
13823
3426
3427
3009
3008
3008
3009
3008
3008
3427
3009
3008
3008
3427
13823
3009
3008
3008
3427
3009
3008
3008
13823
3009
3008
3008
3428
3009
3008
3008
3428
3009
3008
3008
3008
13823
3428
3429
3009
3008
3008
3008
13823
3009
3008
3008
3429
3009
3008
3008
3429
3009
3008
3008
3008
13823
3009
3008
3008
3429
3008
3430
3411
3009
3008
3008
3008
13945
3009
3008
3430
3009
3008
3008
3430
3009
3008
3008
13945
3008
13945
3009
3008
3008
3431
3431
3431
3008
3009
3008
3008
3008
13945
3009
3008
3008
3431
3432
3009
13945
3008
3008
3009
3008
3008
3432
3009
3008
3008
3432
3008
3009
3008
3008
13945
3432
3009
3008
3008
3433
3009
3008
3008
3433
13945
3008
13945
3009
3008
3008
3433
3009
3010
3008
3008
3434
3010
3008
3008
13945
3010
13945
3010
3008
3008
3434
3434
3010
3008
3008
3010
3008
3008
3434
3010
3008
3008
13945
3435
3435
3010
3010
3008
3008
13945
3010
3008
3008
3435
3010
3008
3008
13945
3010
3008
3008
3436
3436
3010
3008
3008
3008
13945
3010
3008
3008
3436
3008
13945
3436
3010
3008
3008
3010
3008
3008
3437
3010
3008
3008
3437
13945
3010
3008
3008
3437
3010
3008
3008
13945
3010
3008
3008
3437
3438
3010
3008
3008
3008
13945
3010
3008
3008
3438
3008
13945
3438
3008
3438
3010
3008
3008
83393
3008
14028
3010
3008
3008
3438
3439
3010
3008
3008
14028
3010
3008
14028
3010
3008
3008
3439
3439
3010
3008
3008
3008
3010
3008
3440
3010
3008
3008
14028
3440
3010
3008
3008
3440
3010
3008
3008
14028
3010
3008
3008
3440
3441
3010
3008
3010
3008
3008
3008
14028
3010
3008
3008
3441
3008
3441
14028
3010
3008
3008
3010
3008
3008
3441
3010
3008
3008
14028
3442
3010
3008
3008
3442
3010
3008
3008
14028
3442
3010
3008
3008
3442
3010
3008
14028
3008
14028
3443
3443
3010
3008
3010
3008
3008
3443
3010
3008
3008
14028
3008
14028
3010
3008
3008
3443
3444
3010
3008
3008
3444
3010
3008
3008
14028
3010
14160
3444
3444
3438
3008
3008
3010
3008
3008
3445
3010
3008
3008
3445
3008
3445
14160
3010
3008
3008
3008
14160
3010
3008
3008
3446
3010
3008
3008
3446
3446
3008
3010
3008
3008
14160
3008
14160
3010
3008
3008
3446
3010
3008
3008
3447
3010
3008
3008
14160
3010
14160
3010
3008
3008
3447
3447
3008
3447
3010
3008
3008
3008
14160
3010
3008
3008
3448
14160
3448
3010
3008
3008
3448
3010
3008
3008
14160
3448
3449
3010
3010
3008
3008
14160
3010
3008
3008
3449
3008
14160
3010
3008
3008
