753
7270
3083
1217
1223
835
835
1505
836
1966
1517
1505
1505
6291
3018
6291
1224
1223
1224
1224
1217
1223
835
1225
3008
3072
1224
3008
1505
1225
1225
3072
6291
3008
3008
3018
1224
3008
3081
3008
1224
3008
3008
1224
1224
1644
1217
3018
3019
1644
1217
1387
1192
1387
1192
1224
2181
3008
2181
7027
3008
7027
1224
3008
3019
3008
3008
3008
1225
1224
3081
3083
3072
3078
3019
3008
3008
2250
3019
3019
85
3008
3008
3008
3075
1707
1707
1358
1358
1332
7106
1332
7106
1388
1388
3008
6682
6682
3008
3008
3008
3019
3008
3008
3083
8224
3072
3078
3019
3008
3008
1224
3019
1505
1517
1505
1505
1223
1217
3008
1505
3008
1224
1224
3008
1223
1217
3008
1223
3008
753
3019
3083
1644
1644
1217
1217
1192
1387
1192
7027
3008
3008
7027
1224
2181
3019
1224
1387
2181
3008
3008
660
663
762
912
827
3019
781
6850
860
3019
3008
3008
810
1406
2819
5260
5842
5881
6352
6353
6353
6585
6652
6650
3081
6783
6790
6804
6914
6915
7054
7065
8002
7337
7141
3019
3008
753
6850
296
8397
1226
555
1226
1226
555
554
1226
553
555
3008
3019
3019
555
3008
3008
555
3008
554
555
555
1226
555
1226
1226
555
554
553
3008
555
1226
3019
555
3008
3008
555
3008
554
555
555
3019
6850
860
3008
3008
96
753
640
3081
3085
3083
3113
3095
3096
3077
3121
3121
3107
3076
3095
3077
3081
3078
3120
3075
3120
1505
1514
1515
1505
1223
1217
1224
3008
1223
3008
1505
3019
3008
3008
1224
1223
1224
3008
1224
8224
224
1850
1442
5837
8224
1059
3019
3008
3008
8678
3019
8678
8678
8678
8678
8678
8678
8678
8678
8678
8678
96
3008
663
3019
3008
3008
640
1707
1358
1707
1358
7106
1332
7106
1332
1388
3019
3008
1388
6682
6682
3008
3008
3008
3019
6926
3008
3008
6850
7942
96
3019
3008
3008
3081
3083
3095
3121
3120
3121
3083
3120
3075
3078
3019
3008
3008
96
1059
5837
8224
1154
3008
3008
1708
1154
5532
5532
3008
3008
661
1708
8678
640
1226
555
1226
1226
555
554
553
555
1226
555
3019
3008
3008
3008
555
554
3008
555
555
3019
3008
5388
1505
1517
1505
1505
1223
1217
1224
1223
1505
3008
1224
3008
3008
1217
1223
3008
3008
1224
1494
1387
1644
1644
1217
1217
1192
1192
1224
7106
1224
6682
6682
2181
7106
3008
7027
3008
7027
3008
2181
3019
3008
10842
3083
96
3019
3008
3008
1707
1707
1358
1358
3008
1332
287
1332
3008
3008
1401
287
1388
1388
5840
5840
1401
3019
3008
3081
3019
96
3008
3008
3108
3081
3108
3083
3095
3113
3078
3077
1224
661
758
1217
640
3019
2250
3008
3008
6850
900
900
3019
900
3008
296
3075
96
900
900
900
96
3019
902
900
3008
3008
902
1644
1644
1217
1217
7106
1192
1192
7106
3019
1224
3008
6682
1224
3008
6682
3008
3008
902
902
976
1207
96
902
1301
1855
1850
3019
3020
1733
902
10978
1549
6850
2861
3020
7270
96
3020
3075
3077
3083
3076
3085
3085
3078
3072
3008
3072
3092
3092
3121
3093
3081
3081
3081
3121
3120
3120
3121
3086
3095
3081
85
3020
8224
8224
3020
6850
3008
3008
1206
1217
1217
1203
76
1514
1515
1514
1505
5287
1744
76
1505
76
73
1223
1217
1233
1227
1217
1224
3008
1223
1217
1206
1223
3020
76
3008
1224
3008
1505
3008
1227
3008
3008
1233
3008
1224
3008
1224
1224
1224
1224
1226
555
1226
1226
555
554
1226
555
553
3020
555
3008
555
3008
3008
3008
554
555
555
1226
555
1226
1226
555
554
553
1226
555
3020
555
555
3008
3008
3008
554
3008
555
555
8678
2152
3008
1224
8678
1654
5837
3020
1566
8678
8678
1442
2426
224
232
226
640
3020
104
6850
3008
3008
96
3020
2485
2861
234
1406
986
1059
3020
1505
3008
1505
2455
1224
3020
1505
1223
1505
2435
1514
1515
1517
1224
5287
3008
1217
1217
3008
1206
1223
1223
3020
1217
3008
1217
1217
3008
1224
96
3081
3095
3081
3121
3073
3008
3121
3075
3083
3121
3121
3120
3120
3086
3077
3020
3008
3008
6850
96
1707
1707
1358
1358
1332
1332
287
1388
1401
3008
2181
1401
287
1388
2181
3008
3020
3008
3008
8224
1411
7942
3020
2614
5837
3008
3008
8678
8678
8678
8678
8678
640
1224
3020
3008
3008
1059
3020
3008
3008
3078
3083
3095
1226
555
1226
1226
555
1226
555
554
553
3008
3008
555
3008
555
3008
554
555
555
3020
3008
3008
3081
1644
1644
1217
1217
7106
1192
7106
1192
3020
1224
6682
1224
6682
3008
3008
3008
3008
3020
3008
3008
1224
3020
3008
3008
3096
3083
3109
3124
3126
3079
3096
3078
96
222
3020
3008
3008
2435
1755
1665
1224
3020
3008
1505
1224
1517
1505
1505
1224
1217
3008
1223
1505
1217
1223
3008
1223
3008
3008
3008
1224
96
3095
3020
1059
1707
1707
1358
1358
1332
1332
287
1388
3008
1388
1401
1401
2181
287
2181
3020
3008
3008
3008
1652
1724
3020
3008
3008
6850
1728
1494
1322
1179
6850
96
1728
1938
1914
1938
6282
5467
6282
5260
5580
5260
3020
640
5801
5743
5743
6031
6403
6404
6899
6404
7055
7446
7401
6899
7401
10836
10794
782
10794
2123
843
1942
2123
782
3020
3008
3008
2523
2717
2718
2717
1942
2523
6192
5241
5241
2523
6192
7083
3121
6899
3095
7083
3120
3020
7305
6899
6192
3076
3121
3008
3077
3081
3081
3083
3078
3083
3078
3073
3075
7305
7965
8508
7305
8397
2250
10802
8508
8397
3020
3008
3008
1092
10802
2992
1092
1073
10836
1092
1073
10836
1224
10841
10966
10836
10966
10841
5837
10950
8608
8224
8224
224
3020
10841
10950
1442
6850
1728
3020
3021
3008
3008
1226
555
1226
1226
555
1226
554
555
553
3021
555
555
3008
3008
3008
554
3008
555
555
1226
1226
555
1226
555
554
555
553
1226
3021
555
555
3008
3008
3008
554
3021
555
555
6850
96
8678
3008
640
8678
1059
8678
8678
8678
8678
8678
8678
8678
8678
8678
8678
8678
1724
2614
234
3021
3008
3008
1505
1514
1515
1505
1223
1217
1224
1505
3021
1223
1224
3008
3008
3008
3008
1223
1224
1644
1644
1217
7106
1217
7106
1192
1192
3021
3008
6682
1224
1224
3008
6682
3008
3008
3095
3083
3121
3081
3075
3081
3121
3078
3072
3077
3021
3008
3008
85
3021
3008
3008
1850
96
1224
3021
7942
8224
5837
3008
3021
3008
3008
96
6850
96
3121
1223
3021
1505
1517
1505
1505
1224
1217
1217
3008
1224
3008
1505
3008
3008
3021
1223
1223
3008
3008
1224
3095
3120
3121
3075
3008
3083
3081
8678
8678
8678
8678
8678
8678
8678
8678
8678
8678
8678
8678
8678
1059
3021
3008
3008
1707
1707
1358
1358
1332
287
1332
3008
1388
3008
2181
1401
1401
287
1388
2181
3008
3021
3008
5837
8224
640
1224
3021
3008
3008
3083
3078
3021
3008
3008
555
1226
1226
1226
555
554
553
555
1226
555
3021
3008
3008
3008
555
3008
554
555
555
3021
3008
1644
1644
1217
1217
7106
7106
1192
1192
3008
1224
1224
3008
6682
6682
3008
3008
3081
3021
3008
3008
1224
3083
3099
3078
3021
3008
3008
96
2435
3021
3008
3008
1505
1517
1505
3021
1505
1223
1224
1217
1224
3008
3008
3008
1224
1217
1223
1505
3008
1223
3008
3083
1707
1707
1358
1358
1332
1332
287
1388
3008
3008
1401
1388
3008
2181
1401
287
2181
3008
3021
3008
3008
1224
3081
3083
3078
3021
3008
3008
1609
3008
1609
3008
3008
1609
1609
3021
3008
3008
2250
3021
3008
3075
3021
3008
3008
3095
3110
3113
3096
3108
3072
8224
8224
2333
3021
3008
3008
1644
1644
1217
1217
7106
7106
1192
1192
3008
3021
3008
1224
6682
1224
6682
3008
3008
85
3021
3008
3008
3083
3078
3083
3021
3008
3008
6274
6274
6274
6274
222
1223
1224
3021
1505
1505
1517
1505
3008
3008
1224
1217
3021
1223
1505
3008
3008
1217
3021
1223
3008
1224
96
3008
3083
1707
1707
1358
1358
1332
287
1332
3008
1401
1388
2181
1401
2181
287
1388
3008
3008
3008
3021
3022
3008
3008
1224
3083
3095
3078
3081
640
3022
3008
3008
3022
3008
96
1644
1644
1217
7106
1217
7106
1192
1192
3008
3008
1224
6682
1224
6682
3008
3008
3074
96
96
3022
3008
3008
3083
2671
8224
3075
3078
3022
3008
3008
2151
3008
3008
1585
2151
1585
5388
926
96
3022
3008
3008
1505
1517
1505
1505
1223
1224
1217
1505
3008
3022
3008
1217
1223
1224
3008
3008
1224
1223
2152
3022
1765
6850
1765
5837
1707
1707
1358
1358
6682
6682
1332
1332
7106
7107
7106
7107
1388
287
3008
1388
1401
1401
2181
3008
287
2181
3008
3022
3008
1765
1738
1765
96
3113
1765
1765
96
1765
1766
1765
3022
3008
3008
1644
1644
1217
1217
2182
1192
1192
1387
1387
3008
1384
1421
1421
5840
2182
1401
7027
1224
5840
1384
7027
1224
1401
3022
3008
3008
96
1766
1766
96
3081
1766
3022
3083
3085
3125
3085
3078
3081
3093
3072
3110
3081
3072
3077
3090
3120
3075
3095
3121
3095
3008
3022
3022
3008
3008
1062
2244
1224
640
723
640
1047
1766
96
6850
3022
3008
3008
8678
8678
8678
1744
1514
1217
1505
1514
1515
1217
1505
5287
1223
1203
76
76
76
1206
1217
73
3008
1227
1233
1224
1223
1223
1217
1505
1224
1217
1206
3022
3008
76
1224
1224
3008
3008
3008
3008
3008
1227
3008
1224
1233
1224
1224
2152
6662
2152
2144
3022
3008
8224
8224
232
1654
226
5837
3022
3008
3008
2426
2455
2485
1505
5287
1505
1223
1217
1224
3008
3022
1505
3008
1223
3022
1224
3008
1223
1224
1406
85
2250
96
3022
3008
3008
3121
1707
1707
1358
1358
7106
7106
1332
1332
3008
3008
1388
6682
1388
6682
3008
3008
3022
3008
3008
3081
3086
3093
3083
3120
3095
3083
3075
3078
3072
3072
1224
96
3022
640
7270
2485
2861
3022
3008
3008
8224
3022
3008
3008
3022
3008
3075
3022
3081
3078
3101
3086
3008
3083
3095
3022
3008
3008
2455
1505
1505
1517
1505
1223
1224
1505
1217
3008
3008
3008
1223
1217
3008
1224
1223
1224
2339
3022
3008
3008
1644
1644
1217
1217
1192
1192
1387
3008
1224
3022
1421
7027
1387
1224
7027
1421
3008
3008
3008
984
1411
8224
1224
3022
3008
3008
3078
96
3083
3081
3022
3008
3008
3022
3023
3008
3008
3073
96
3023
3008
3008
2614
1707
1707
1358
1358
7106
1332
1332
7106
3008
1388
6682
1388
6682
3023
3008
3008
3008
3121
3075
3083
3023
3077
3008
3078
3081
3076
3023
3008
3008
1897
1047
1898
5376
10977
8529
1949
6850
96
5907
5913
3023
5913
10839
1224
10854
10839
555
1226
1226
1226
555
554
553
1226
555
555
3008
3008
555
3023
555
3023
554
3008
3008
555
555
1226
1226
1226
555
553
554
555
3008
3008
3023
554
555
1226
555
3008
555
3008
555
852
6850
288
96
1949
3023
3008
3008
1505
1514
1515
1505
1223
1217
1224
1505
1223
1224
3008
3008
3008
3008
1223
1224
288
5837
3023
3008
1224
1442
8224
224
8224
3023
288
1059
5837
3008
1517
1505
1505
1505
1223
3008
1217
1224
1224
1505
3008
3023
1217
1223
3008
1224
3008
1223
3023
3008
3008
3083
3095
3077
3121
3081
3121
3081
3121
3075
3121
8678
8678
8678
8678
8678
8678
8678
1897
640
7942
3023
3008
3008
6850
1644
1644
1217
1217
1192
1192
1387
1224
1224
7027
3008
7027
1421
1421
1387
3008
3008
3023
3008
288
8224
3023
3008
3008
1224
288
2250
3023
3008
3008
1059
8678
3083
3095
3121
3078
3072
3075
640
5837
3023
3008
3008
1226
1226
555
1226
555
553
554
555
1226
555
3008
554
3008
555
3008
3008
555
555
3023
6850
5325
8678
7106
6850
296
5325
6850
6682
288
1707
1707
1358
1358
1332
1332
3023
1388
1388
3023
3008
3008
3008
3008
1505
1514
1515
1505
1223
1217
1224
3008
1505
3008
1223
1224
3008
3008
1223
1224
85
8224
3023
3008
3008
3079
3123
3095
3083
3084
3078
3093
3095
3085
3085
3080
3081
3083
3079
3083
3081
3081
3081
3072
3083
3118
3078
3113
1224
3023
3008
3008
1684
234
2677
124
598
575
642
914
1021
1011
1223
3023
3008
3008
1224
1213
2087
640
640
1064
1340
1505
1505
1517
1505
1223
1217
1505
3008
1224
3008
1223
1217
3008
3023
1224
3008
1223
1224
3023
3008
3008
3078
222
5325
296
1644
1644
1217
1217
1192
1387
1192
3008
3008
7027
1224
1421
7027
1387
1421
1224
3008
3023
3008
3023
3008
3008
3081
3083
3095
3093
3078
3095
1224
3023
3008
3008
640
640
640
3023
3008
3008
3123
6926
327
3090
3023
3008
3008
1707
1358
1707
1358
7106
1332
1332
7106
1388
3008
1388
6682
6682
3008
3008
3023
288
3023
3008
3008
3083
3023
3008
3008
3078
3085
3023
3024
3008
3008
1505
1517
1505
1505
1223
1217
1224
1505
3008
1223
1217
3008
3008
1224
3008
1223
1224
1585
3024
3008
1585
2301
2301
5388
6282
10842
1850
1644
1217
1644
1217
1192
1192
7027
6682
1387
7106
6682
7106
3008
3008
1224
1421
3024
7027
1224
1421
1387
3008
3008
3024
3008
3008
3095
3083
3077
3113
3119
3095
3078
3113
3081
3008
3095
3024
3008
3008
1224
1707
1707
1358
1358
1332
1332
1401
287
1388
1401
5840
1388
287
3008
5840
3008
3008
3008
3024
3008
3008
1217
640
640
3024
3008
3008
2250
640
3024
3008
3008
3072
3083
3075
3078
288
3024
3008
3008
1644
1217
1644
1217
7106
1192
7106
1192
1224
3024
1224
6682
6682
3024
3008
3008
3008
3008
3024
1955
3008
8224
8224
1988
85
2153
3024
6850
969
2161
3024
3008
3008
288
555
555
554
553
555
3024
555
3008
555
3008
554
555
555
1226
1226
1226
1226
3008
3008
555
555
554
555
3024
555
3008
554
555
555
3024
6850
1226
1226
1226
3008
553
3008
3008
555
1226
288
3008
3081
1514
1515
1505
1505
1223
1217
1224
1505
3008
3024
3008
1224
1224
1223
3008
1223
3008
3095
3083
3121
3121
3078
3077
3076
3073
3077
3081
3121
3078
3075
3121
3024
3008
1224
1442
5837
224
3024
3008
3008
3024
1059
288
3024
3008
3008
8678
8678
1505
1517
1505
1505
1223
1217
1224
3008
1505
1223
1217
1224
3008
3008
3008
1223
1224
1988
8224
1109
3024
3008
3008
640
6850
288
7942
3024
3008
3008
1707
1707
1358
1358
1401
1332
1332
1421
287
1421
287
1401
1388
3008
1388
3008
3024
3008
3008
2168
2169
3024
1609
1609
1609
1609
3008
3008
3008
2173
2614
852
969
1067
6850
2296
3024
3008
3008
8373
5306
10912
8373
2607
1339
1340
1301
10912
1301
10834
10916
2436
10834
2191
6648
6214
2436
6214
3121
6955
6779
7422
6779
7397
2490
5388
5388
7422
3024
288
3008
914
2893
7137
7137
2490
2335
3024
6850
1670
2334
2335
2893
1226
1226
555
1226
555
554
555
553
3024
1226
555
3008
555
3008
3008
554
3008
555
555
1226
555
1226
1226
555
3008
554
553
555
3008
1226
3024
555
555
3008
3008
554
555
555
6850
2335
2296
3024
3008
3008
288
2335
2335
2335
288
3085
3085
3078
3123
3113
3123
3024
3081
3077
3083
3072
3083
3121
3113
3077
3121
3073
3008
3121
3095
3121
3121
3075
3081
3121
3081
3076
3081
2335
5837
2336
2335
1224
3024
3008
3008
2336
2336
3024
224
8678
8678
8678
1442
8678
8224
8678
8678
8678
8678
8224
8678
8678
8678
8678
8678
1059
640
2336
3024
3008
3008
5325
2336
5325
3024
3025
288
2169
1663
1607
3025
3008
3008
1644
1644
1217
1217
7106
1192
7106
1192
1224
3008
6682
1224
6682
3025
3008
3008
3008
226
1654
232
5629
2152
2614
1217
1203
1505
1514
1223
1206
73
1514
1515
1217
76
76
1744
76
1505
5287
1233
1227
3008
1206
1224
1223
76
1223
3008
1217
1217
3025
1224
1224
1224
1217
1505
3008
3008
1227
3008
3008
3008
1233
1224
3008
1224
1224
6850
7942
2426
3025
3008
2485
6850
1406
3025
3008
3008
288
3086
3083
3078
3081
3075
3074
3121
3121
3093
3121
3121
3121
3095
3072
3121
1505
5287
1505
1223
1217
3008
1224
1224
3008
3025
1223
3008
1224
3008
1505
1223
2671
3025
3008
3008
5837
8224
8678
8678
8678
8678
8678
8678
8678
8678
8678
8678
8678
8678
8678
3025
3008
3008
1059
288
1224
640
3025
3008
3008
2455
1505
1505
1505
1517
1223
1505
3008
1224
1217
3008
1217
3008
3008
1223
1224
1223
1224
10842
6282
1226
555
1226
1226
555
554
553
555
554
3008
3008
555
1226
555
555
3025
3008
3008
555
3095
3077
3025
3008
3081
3083
3081
3025
3008
3008
1224
1707
1707
1358
1358
1332
1332
1421
3008
1401
1388
1401
1388
287
1421
287
3008
3025
3008
3008
3025
3008
3008
1217
640
640
3025
3008
3008
3083
3078
2250
3025
3008
3008
3075
3025
3008
3008
