23563
23565
23565
23565
23606
23613
23634
23634
23635
23677
23678
23679
23679
23681
23682
23682
23682
23682
23682
23682
56
23917
21061
206
21066
129931
20796
20797
3034
3035
20797
20086
21885
129931
129932
20802
21066
3035
20086
21066
3034
129931
20797
129932
21066
129932
21066
3035
3035
206
129932
129932
129932
3035
129932
129932
3035
129932
129932
3035
3035
20796
3035
129932
86824
129932
86824
86824
129932
129932
86823
3035
129932
129932
3035
129932
129933
86824
86824
23917
23918
20362
23918
23918
23943
23943
23944
23944
23944
23944
23944
23944
23944
23944
33129
33133
23917
20051
23917
93396
34855
20411
54452
23918
20670
23944
20411
23917
35198
18919
33133
23917
23918
23917
23944
26383
93396
20670
23920
26581
23644
23944
20051
23524
96638
21897
96640
96639
96633
34856
109824
204
109824
109825
42765
20094
53982
34855
42730
20085
96382
54452
33135
96641
23679
96290
53992
96300
42134
206
42739
94017
54337
41782
42136
204
110216
93607
93519
23679
96643
96633
53985
42130
96467
109150
23563
98519
107833
20565
20555
93570
109579
23563
20411
23479
116942
117356
21897
55668
20778
20771
22886
15440
54719
20577
66583
63782
113261
215
20103
55667
23560
20094
55667
22886
57847
114050
55557
54648
54644
20093
132697
130501
132645
112179
56168
55667
57246
131229
131186
56206
54341
20701
130619
23570
56158
130813
20566
132707
57030
21897
56208
55667
132749
55667
55668
57220
20695
216
57058
57034
55667
147854
125550
55667
20602
147820
20628
54340
134404
55667
20639
132659
120325
133875
149298
20609
120322
56292
132989
120301
120323
130440
23479
20592
20594
130427
128652
23479
55668
109277
21006
106483
42139
106483
92
21006
42139
55668
23679
92
92
55668
20440
109277
109278
20617
21006
20443
20440
79867
55668
106483
92
20778
109278
33134
55668
92
92
55668
55668
55668
55668
92
55668
55668
55668
92
35154
3035
3036
3035
3036
3035
3035
3036
3036
3035
3035
3036
23681
23679
23613
23679
23606
23678
23677
23565
3036
3036
3036
3036
3036
3036
3036
23635
23565
23944
3008
3036
23634
23565
3036
23682
23634
23563
23682
3008
86824
86824
86824
3089
86824
86824
3008
3089
86824
86824
86824
86825
86824
86825
86824
86825
3036
3008
3008
3089
86825
86825
86825
86825
86825
86825
86825
86826
3089
86825
86826
86826
86826
86826
86826
86826
86826
86826
86826
86826
86826
3089
3089
3089
3089
3072
86826
86826
86826
86826
86826
86826
86826
3072
86826
86826
86826
86826
86826
86826
86826
3036
3008
3008
86827
86823
86824
86827
86823
86823
86823
86827
86827
86823
86823
86827
86827
86827
86823
86824
86823
86823
86827
86827
86823
86827
86827
86823
86823
86824
86824
86824
3036
3008
3008
3072
3036
3008
3008
92
8610
8703
18962
18893
19835
19813
19858
19858
19859
19870
20047
20411
20597
20601
20617
20640
20654
20656
20771
20779
20780
20790
20790
20075
19084
86052
3036
19084
204
204
86052
3036
3037
20075
3036
93
86052
19084
19084
20075
20075
3037
19084
86052
3037
86052
86053
3037
86052
86052
86052
86053
86052
86052
86052
86052
86053
3037
3037
3037
3037
3037
55
3036
93
3089
86052
86824
86053
3037
94
18859
18859
86053
3037
3037
18859
86053
93
55
92
86824
86053
86824
86824
20792
86824
20805
21006
21036
21897
21941
22493
22543
22718
22855
22855
22874
23488
23560
23560
23560
23562
8584
19859
19871
221
23563
23449
19858
18
18
19839
22671
19858
20085
20004
22564
94
20594
20595
204
55
20594
203
20093
20047
19895
218
203
22496
20795
20085
204
206
19131
19870
20086
23449
19858
204
20595
8699
23488
20673
23478
22857
22718
22897
0
54
22888
205
206
218
204
20004
8584
204
19001
8703
218
206
54342
55
20086
23944
19858
19858
23918
54341
54340
54340
19832
53992
181
20694
34982
181
23679
55
20634
54655
23682
20101
35142
20100
20101
23917
20565
19882
54655
20694
94
23628
53990
57245
19858
42132
42729
23565
23634
181
41919
56205
54648
23565
54531
19858
20809
34982
56204
20803
20101
20101
23563
35142
57061
3
4
22874
22855
57040
22742
20694
22855
20573
20568
20101
93
54765
56157
19858
19859
54972
19858
55212
55927
55927
55555
55928
19858
20101
20816
20431
21941
56
21913
19188
20101
56
19188
21913
20816
20431
21941
8675
20641
56
54
20101
21913
20431
21941
20101
56
20101
54
60216
60135
20816
23452
216
20019
60
60415
60551
19859
87117
87061
19859
80250
87119
59428
86208
19870
20101
66558
20101
58662
79873
56
20101
20101
56
20101
20101
56
20102
20102
56
20102
20101
20102
20102
3037
3038
3037
3038
3038
3038
3037
3037
3038
3038
3038
3037
3038
3038
3038
3038
20597
20411
20047
19813
19870
18962
19859
18893
19858
8703
22874
19858
3038
8610
20617
19835
92
3008
20601
3008
3038
3008
3008
3089
86824
3089
86824
86824
86824
86824
86824
3072
3089
86825
86824
86825
86825
86825
3089
86825
86825
86825
86825
86825
86825
3089
86826
86826
86826
3089
3089
86826
86826
3072
3089
86826
86826
86826
86826
3038
3008
3008
86826
86826
86826
86826
86827
86826
86826
86827
86823
3038
3008
3008
86824
86827
86823
86824
86823
86824
86823
86823
86824
86827
86823
86823
86824
86824
86823
86823
86824
86827
86823
86823
86827
86824
86827
86827
86824
3038
3008
3008
3038
3008
3008
86823
3072
3038
3008
3008
3038
3008
3008
3088
3082
3072
3038
3088
3072
3088
3088
3074
3082
3088
3082
3089
3088
3038
3008
3008
86823
370
374
360
3038
3008
3008
4176
4248
4247
4241
8319
4904
20972
54644
3038
3008
3008
55505
55613
3088
3088
3088
58862
3088
3088
3088
3088
3088
3088
3088
3088
3088
3088
3088
3088
3088
3088
3038
3008
3088
3088
3088
55691
132674
55683
3038
3008
3008
4303
134817
