752,2719232,2723328
752,32256,36352
752,28160,32256
768,36352,40448
768,56832,65024
752,2723328,2727424
752,36352,40448
752,24064,28160
8682,2534912,2539008
752,32256,36352
752,28160,32256
752,36352,40448
752,24064,28160
768,56832,60928
752,2727424,2731520
752,32256,36352
752,28160,32256
752,36352,40448
8682,2534912,2539008
752,2731520,2735616
752,32256,36352
752,24064,28160
768,36352,40448
768,56832,65024
752,36352,40448
752,28160,32256
8682,2534912,2539008
752,32256,36352
752,24064,28160
752,2735616,2739712
752,36352,40448
752,28160,32256
768,56832,60928
752,32256,36352
752,24064,28160
752,2739712,2743808
752,36352,40448
752,28160,32256
8682,2534912,2539008
768,36352,40448
768,56832,65024
752,32256,36352
752,24064,28160
752,2743808,2747904
752,28160,32256
752,36352,40448
768,56832,60928
752,32256,36352
752,24064,28160
752,2747904,2752000
752,36352,40448
752,28160,32256
768,36352,40448
768,56832,65024
752,2752000,2756096
752,32256,36352
752,24064,28160
8682,2534912,2539008
752,36352,40448
752,28160,32256
752,2756096,2760192
752,32256,36352
752,24064,28160
768,56832,60928
752,36352,40448
752,28160,32256
752,32256,36352
752,2760192,2764288
752,24064,28160
768,36352,40448
768,56832,65024
752,36352,40448
752,28160,32256
8682,2534912,2539008
752,2764288,2768384
752,32256,36352
752,24064,28160
752,36352,40448
752,28160,32256
768,56832,60928
752,32256,36352
752,24064,28160
653,3124736,3190272
752,2768384,2776576
752,36352,40448
752,28160,32256
768,36352,40448
768,56832,65024
752,32256,36352
752,24064,28160
8682,2534912,2539008
752,36352,40448
752,28160,32256
752,2776576,2780672
752,32256,36352
752,24064,28160
768,56832,60928
752,36352,40448
752,28160,32256
752,2780672,2784768
752,32256,36352
752,24064,28160
8682,2534912,2539008
768,36352,40448
768,56832,65024
752,36352,40448
752,28160,32256
752,2784768,2788864
752,32256,36352
752,24064,28160
768,56832,60928
752,36352,40448
752,28160,32256
752,2788864,2792960
752,32256,36352
752,24064,28160
768,36352,40448
768,56832,65024
752,2792960,2797056
752,36352,40448
752,28160,32256
8682,2534912,2539008
752,32256,36352
752,24064,28160
752,2797056,2801152
752,36352,40448
752,28160,32256
768,56832,60928
752,32256,36352
752,24064,28160
752,36352,40448
8682,2534912,2539008
752,2801152,2805248
752,32256,36352
752,28160,32256
768,36352,40448
768,56832,65024
752,36352,40448
752,24064,28160
752,2805248,2809344
752,32256,36352
752,28160,32256
768,56832,60928
752,36352,40448
752,24064,28160
752,32256,36352
752,2809344,2813440
752,28160,32256
768,36352,40448
768,56832,65024
752,36352,40448
752,24064,28160
8682,2534912,2539008
752,32256,36352
752,2813440,2817536
752,28160,32256
752,36352,40448
752,24064,28160
768,56832,60928
752,32256,36352
752,28160,32256
752,2817536,2821632
8682,2534912,2539008
752,36352,40448
752,32256,36352
752,2821632,2825728
752,24064,28160
768,36352,40448
752,36352,40448
752,28160,32256
768,56832,65024
752,32256,36352
752,24064,28160
752,2825728,2829824
752,36352,40448
752,28160,32256
768,56832,60928
752,32256,36352
752,24064,28160
752,2829824,2833920
752,28160,32256
752,36352,40448
768,36352,40448
768,56832,65024
752,2833920,2838016
752,32256,36352
752,24064,28160
8682,2534912,2539008
752,36352,40448
752,28160,32256
752,32256,36352
752,2838016,2842112
752,24064,28160
768,56832,60928
752,36352,40448
752,28160,32256
752,32256,36352
752,2842112,2846208
752,24064,28160
8682,2534912,2539008
