754,2818048,2822144
752,8192,12288
752,20480,24576
768,20480,24576
754,2822144,2826240
752,16384,20480
752,12288,16384
13022,1855488,1859584
768,53248,57344
768,40960,53248
768,61440,65536
752,20480,24576
752,8192,12288
754,2826240,2830336
752,16384,20480
752,12288,16384
768,61440,65536
754,2830336,2834432
752,20480,24576
752,8192,12288
768,53248,57344
768,40960,45056
768,49152,53248
752,16384,20480
752,12288,16384
637,3735552,3792896
754,2834432,2838528
752,20480,24576
13022,1855488,1859584
752,8192,12288
752,16384,20480
768,20480,24576
754,2838528,2842624
752,12288,16384
752,20480,24576
768,53248,57344
768,40960,53248
768,61440,65536
752,16384,20480
752,8192,12288
754,2842624,2846720
752,12288,16384
752,20480,24576
768,61440,65536
754,2846720,2850816
752,8192,12288
752,16384,20480
768,53248,57344
768,40960,45056
768,49152,53248
752,20480,24576
752,12288,16384
754,2850816,2854912
752,16384,20480
752,8192,12288
768,20480,24576
754,2854912,2859008
752,20480,24576
752,12288,16384
768,53248,57344
13022,1855488,1859584
768,40960,53248
768,61440,65536
752,8192,12288
752,16384,20480
754,2859008,2863104
752,12288,16384
752,20480,24576
768,61440,65536
752,16384,20480
752,8192,12288
768,53248,57344
768,40960,45056
768,49152,53248
754,2863104,2867200
752,20480,24576
752,12288,16384
754,2867200,2871296
752,8192,12288
752,16384,20480
768,20480,24576
754,2871296,2875392
752,12288,16384
752,20480,24576
768,53248,57344
768,40960,53248
768,61440,65536
13022,1855488,1859584
752,16384,20480
752,8192,12288
754,2875392,2879488
752,20480,24576
752,12288,16384
768,61440,65536
752,16384,20480
752,8192,12288
768,53248,57344
768,40960,45056
768,49152,53248
754,2879488,2883584
752,20480,24576
752,12288,16384
754,2883584,2887680
752,16384,20480
752,8192,12288
768,20480,24576
754,2887680,2891776
752,12288,16384
752,20480,24576
768,53248,57344
768,40960,53248
768,61440,65536
13022,1855488,1859584
752,16384,20480
752,8192,12288
752,20480,24576
754,2891776,2895872
752,12288,16384
768,61440,65536
752,16384,20480
752,8192,12288
637,4055040,4116480
637,4046848,4050944
768,53248,57344
768,40960,45056
768,49152,53248
754,2895872,2899968
752,20480,24576
752,12288,16384
754,2899968,2904064
752,16384,20480
752,8192,12288
768,20480,24576
754,2904064,2908160
752,20480,24576
752,12288,16384
13022,1855488,1859584
768,53248,57344
768,40960,53248
768,61440,65536
752,16384,20480
752,8192,12288
754,2908160,2912256
752,20480,24576
752,12288,16384
768,61440,65536
752,16384,20480
752,8192,12288
768,53248,57344
752,20480,24576
752,12288,16384
754,2912256,2916352
752,16384,20480
752,8192,12288
768,49152,53248
754,2916352,2920448
752,20480,24576
752,12288,16384
768,40960,45056
752,16384,20480
752,8192,12288
754,2920448,2924544
752,20480,24576
13022,1855488,1859584
752,16384,20480
752,12288,16384
768,20480,24576
754,2924544,2928640
752,20480,24576
752,8192,12288
768,61440,65536
768,45056,57344
768,40960,45056
752,16384,20480
752,12288,16384
754,2928640,2932736
752,20480,24576
752,8192,12288
768,61440,65536
754,2932736,2936832
752,16384,20480
752,12288,16384
768,49152,57344
768,40960,45056
752,20480,24576
752,8192,12288
754,2936832,2940928
752,12288,16384
752,16384,20480
768,20480,24576
754,2940928,2945024
752,20480,24576
752,8192,12288
768,45056,57344
768,61440,65536
768,40960,45056
13022,1855488,1859584
752,16384,20480
752,12288,16384
754,2945024,2949120
752,20480,24576
752,8192,12288
768,61440,65536
752,16384,20480
752,12288,16384
768,49152,57344
768,40960,45056
754,2949120,2953216
752,20480,24576
752,8192,12288
637,4116480,4177920
754,2953216,2957312
752,12288,16384
752,16384,20480
768,20480,24576
754,2957312,2961408
752,8192,12288
752,20480,24576
768,45056,57344
13022,1855488,1859584
768,61440,65536
768,40960,45056
752,16384,20480
752,12288,16384
754,2961408,2965504
752,20480,24576
752,8192,12288
768,61440,65536
752,16384,20480
752,12288,16384
768,49152,57344
768,40960,45056
754,2965504,2969600
752,20480,24576
752,8192,12288
754,2969600,2973696
752,16384,20480
752,12288,16384
768,20480,24576
754,2973696,2977792
752,20480,24576
752,8192,12288
13022,1855488,1859584
768,45056,57344
768,61440,65536
768,40960,45056
752,16384,20480
752,12288,16384
754,2977792,2981888
752,20480,24576
752,8192,12288
768,61440,65536
752,16384,20480
752,12288,16384
768,53248,57344
768,49152,53248
768,40960,45056
754,2981888,2985984
752,20480,24576
752,8192,12288
754,2985984,2990080
752,16384,20480
13022,1855488,1859584
752,12288,16384
752,20480,24576
768,20480,24576
754,2990080,2994176
752,8192,12288
752,16384,20480
768,61440,65536
768,45056,57344
768,40960,45056
752,20480,24576
752,12288,16384
754,2994176,2998272
752,16384,20480
752,8192,12288
768,61440,65536
752,20480,24576
752,12288,16384
768,49152,57344
768,40960,45056
752,16384,20480
752,8192,12288
754,2998272,3006464
752,12288,16384
752,20480,24576
768,20480,24576
754,3006464,3010560
752,16384,20480
752,8192,12288
768,45056,57344
768,61440,65536
768,40960,45056
13022,1855488,1859584
752,20480,24576
752,12288,16384
754,3010560,3014656
752,8192,12288
752,16384,20480
768,61440,65536
752,20480,24576
752,12288,16384
768,49152,57344
768,40960,45056
752,16384,20480
752,8192,12288
637,4177920,4194304
638,0,45056
754,3014656,3022848
752,12288,16384
752,20480,24576
768,20480,24576
754,3022848,3026944
752,16384,20480
752,8192,12288
13022,1855488,1859584
768,45056,57344
768,61440,65536
768,40960,45056
752,20480,24576
752,12288,16384
754,3026944,3031040
752,16384,20480
752,8192,12288
768,61440,65536
752,20480,24576
752,12288,16384
768,53248,57344
768,49152,53248
768,40960,45056
752,16384,20480
752,8192,12288
754,3031040,3035136
752,20480,24576
13022,1855488,1859584
752,12288,16384
754,3035136,3039232
752,16384,20480
768,20480,24576
752,20480,24576
754,3039232,3043328
752,8192,12288
768,61440,65536
768,45056,57344
768,40960,45056
752,12288,16384
752,16384,20480
13022,1855488,1859584
752,8192,12288
752,20480,24576
754,3043328,3047424
752,16384,20480
752,12288,16384
768,61440,65536
754,3047424,3051520
752,20480,24576
752,8192,12288
768,49152,57344
768,40960,45056
752,16384,20480
752,12288,16384
754,3051520,3059712
752,8192,12288
768,20480,24576
752,20480,24576
752,12288,16384
13022,1855488,1859584
768,45056,57344
768,61440,65536
768,40960,45056
752,16384,20480
752,8192,12288
754,3059712,3063808
752,20480,24576
752,12288,16384
768,61440,65536
754,3063808,3067904
752,16384,20480
752,8192,12288
768,49152,57344
768,40960,45056
752,20480,24576
752,12288,16384
638,45056,106496
637,3276800,3284992
638,106496,110080
638,110080,110592
754,3067904,3072000
752,16384,20480
13022,1855488,1859584
752,8192,12288
752,20480,24576
768,20480,24576
754,3072000,3076096
752,16384,20480
752,12288,16384
768,61440,65536
768,45056,57344
768,40960,45056
752,20480,24576
752,8192,12288
754,3076096,3080192
752,16384,20480
752,12288,16384
768,61440,65536
754,3080192,3084288
752,20480,24576
752,8192,12288
768,49152,57344
768,40960,45056
752,16384,20480
752,12288,16384
754,3084288,3088384
752,20480,24576
752,8192,12288
768,20480,24576
752,16384,20480
754,3088384,3092480
752,12288,16384
13022,1855488,1859584
768,61440,65536
768,45056,57344
768,40960,45056
752,20480,24576
752,8192,12288
754,3092480,3096576
752,16384,20480
752,12288,16384
768,61440,65536
754,3096576,3100672
752,8192,12288
768,49152,57344
768,40960,45056
752,20480,24576
752,12288,16384
638,110592,131072
754,3100672,3104768
752,16384,20480
13022,1855488,1859584
752,20480,24576
752,8192,12288
768,20480,24576
754,3104768,3108864
752,16384,20480
752,12288,16384
768,45056,57344
768,61440,65536
768,40960,45056
752,20480,24576
752,8192,12288
754,3108864,3112960
752,16384,20480
752,12288,16384
768,61440,65536
752,20480,24576
752,8192,12288
768,49152,57344
768,40960,45056
754,3112960,3117056
752,16384,20480
752,12288,16384
754,3117056,3121152
752,20480,24576
752,8192,12288
768,20480,24576
754,3121152,3125248
752,16384,20480
752,12288,16384
13022,1855488,1859584
768,45056,57344
768,61440,65536
768,40960,45056
752,20480,24576
752,8192,12288
754,3125248,3129344
752,16384,20480
752,12288,16384
768,61440,65536
752,20480,24576
752,8192,12288
768,49152,57344
768,40960,45056
754,3129344,3133440
752,16384,20480
752,12288,16384
754,3133440,3137536
752,20480,24576
13022,1855488,1859584
752,16384,20480
752,8192,12288
768,20480,24576
754,3137536,3141632
752,12288,16384
752,20480,24576
768,61440,65536
768,45056,57344
768,40960,45056
752,16384,20480
752,8192,12288
754,3141632,3145728
752,12288,16384
752,20480,24576
768,61440,65536
752,16384,20480
752,8192,12288
768,53248,57344
768,49152,53248
768,40960,45056
752,20480,24576
752,12288,16384
637,3801088,3862528
637,3792896,3796992
754,3145728,3153920
752,16384,20480
752,8192,12288
768,20480,24576
754,3153920,3158016
752,12288,16384
752,20480,24576
13022,1855488,1859584
768,45056,57344
768,61440,65536
768,40960,45056
752,8192,12288
752,16384,20480
754,3158016,3162112
752,20480,24576
752,12288,16384
768,61440,65536
752,16384,20480
752,8192,12288
768,53248,57344
768,40960,45056
768,49152,53248
752,20480,24576
752,12288,16384
754,3162112,3170304
752,16384,20480
752,8192,12288
13022,1855488,1859584
768,20480,24576
754,3170304,3174400
752,20480,24576
752,12288,16384
768,61440,65536
768,45056,57344
768,40960,45056
752,16384,20480
752,8192,12288
754,3174400,3178496
752,12288,16384
752,20480,24576
768,61440,65536
752,16384,20480
752,8192,12288
768,49152,57344
768,40960,45056
752,20480,24576
752,12288,16384
754,3178496,3186688
752,16384,20480
752,8192,12288
768,20480,24576
754,3186688,3190784
752,20480,24576
752,12288,16384
13022,1855488,1859584
768,45056,57344
768,61440,65536
768,40960,45056
752,16384,20480
752,8192,12288
754,3190784,3194880
752,20480,24576
752,12288,16384
768,61440,65536
752,16384,20480
752,8192,12288
768,49152,57344
768,40960,45056
752,20480,24576
752,12288,16384
754,3194880,3198976
752,16384,20480
13022,1855488,1859584
752,8192,12288
754,3198976,3203072
752,20480,24576
768,20480,24576
752,16384,20480
752,12288,16384
768,45056,57344
768,61440,65536
768,40960,45056
752,8192,12288
754,3203072,3207168
752,20480,24576
754,3207168,3211264
752,12288,16384
768,61440,65536
752,16384,20480
752,8192,12288
768,49152,57344
768,40960,45056
752,20480,24576
752,12288,16384
637,3862528,3923968
754,3211264,3219456
752,8192,12288
752,16384,20480
768,20480,24576
752,20480,24576
752,12288,16384
13022,1855488,1859584
768,45056,57344
768,61440,65536
768,40960,45056
754,3219456,3223552
752,16384,20480
752,8192,12288
752,20480,24576
752,12288,16384
768,61440,65536
754,3223552,3227648
752,16384,20480
752,8192,12288
768,53248,57344
768,49152,53248
768,40960,45056
752,20480,24576
752,12288,16384
754,3227648,3231744
752,16384,20480
13022,1855488,1859584
752,8192,12288
754,3231744,3235840
752,20480,24576
768,20480,24576
752,16384,20480
752,12288,16384
768,45056,57344
768,61440,65536
768,40960,45056
754,3235840,3239936
752,8192,12288
752,20480,24576
752,16384,20480
752,12288,16384
768,61440,65536
754,3239936,3244032
752,8192,12288
752,20480,24576
768,49152,57344
768,40960,45056
752,16384,20480
752,12288,16384
754,3244032,3252224
752,20480,24576
752,8192,12288
768,20480,24576
752,16384,20480
752,12288,16384
768,45056,57344
768,61440,65536
768,40960,45056
13022,1855488,1859584
754,3252224,3256320
752,8192,12288
752,20480,24576
752,16384,20480
752,12288,16384
768,61440,65536
754,3256320,3260416
752,20480,24576
752,8192,12288
768,49152,57344
768,40960,45056
752,16384,20480
752,12288,16384
754,3260416,3264512
752,20480,24576
13022,1855488,1859584
754,3264512,3268608
752,8192,12288
752,16384,20480
768,20480,24576
752,20480,24576
752,12288,16384
768,61440,65536
768,45056,57344
768,40960,45056
752,16384,20480
752,8192,12288
754,3268608,3272704
752,20480,24576
752,12288,16384
768,61440,65536
754,3272704,3276800
752,16384,20480
752,8192,12288
768,53248,57344
768,49152,53248
768,40960,45056
752,20480,24576
752,12288,16384
637,3923968,3985408
637,3985408,3986944
637,3276800,3284992
637,3986944,3989504
754,3276800,3284992
752,16384,20480
752,8192,12288
768,20480,24576
752,20480,24576
752,12288,16384
13022,1855488,1859584
768,45056,57344
768,61440,65536
768,40960,45056
752,16384,20480
752,8192,12288
754,3284992,3289088
752,12288,16384
752,20480,24576
768,61440,65536
754,3289088,3293184
752,16384,20480
752,8192,12288
768,49152,57344
768,40960,45056
752,20480,24576
752,12288,16384
754,3293184,3297280
752,16384,20480
13022,1855488,1859584
754,3297280,3301376
752,8192,12288
752,20480,24576
768,20480,24576
752,16384,20480
752,12288,16384
768,61440,65536
768,45056,57344
768,40960,45056
752,20480,24576
752,8192,12288
754,3301376,3305472
752,16384,20480
752,12288,16384
768,61440,65536
754,3305472,3309568
752,20480,24576
752,8192,12288
768,49152,57344
768,40960,45056
752,16384,20480
752,12288,16384
754,3309568,3317760
752,8192,12288
752,20480,24576
768,20480,24576
752,16384,20480
752,12288,16384
13022,1855488,1859584
768,45056,57344
768,61440,65536
768,40960,45056
752,20480,24576
752,8192,12288
754,3317760,3321856
752,16384,20480
752,12288,16384
768,61440,65536
754,3321856,3325952
752,20480,24576
752,8192,12288
768,49152,57344
768,40960,45056
752,16384,20480
752,12288,16384
637,3989504,4046848
754,3325952,3330048
752,20480,24576
13022,1855488,1859584
752,8192,12288
752,16384,20480
768,20480,24576
754,3330048,3334144
752,20480,24576
752,12288,16384
768,61440,65536
768,45056,57344
768,40960,45056
752,16384,20480
752,8192,12288
754,3334144,3338240
752,20480,24576
752,12288,16384
768,61440,65536
754,3338240,3342336
752,16384,20480
752,8192,12288
768,49152,57344
768,40960,45056
752,20480,24576
752,12288,16384
754,3342336,3346432
752,8192,12288
752,16384,20480
768,20480,24576
754,3346432,3350528
752,12288,16384
752,20480,24576
13022,1855488,1859584
768,45056,57344
768,40960,45056
768,61440,65536
752,16384,20480
752,8192,12288
754,3350528,3354624
752,12288,16384
752,20480,24576
768,61440,65536
754,3354624,3358720
752,16384,20480
752,8192,12288
768,49152,57344
768,40960,45056
752,20480,24576
752,12288,16384
754,3358720,3362816
752,16384,20480
752,8192,12288
768,20480,24576
754,3362816,3366912
752,12288,16384
752,20480,24576
13022,1855488,1859584
768,45056,57344
768,61440,65536
768,40960,45056
752,16384,20480
752,8192,12288
754,3366912,3371008
752,20480,24576
752,12288,16384
768,61440,65536
752,16384,20480
752,8192,12288
768,49152,57344
768,40960,45056
754,3371008,3375104
752,20480,24576
752,12288,16384
752,16384,20480
13022,1855488,1859584
754,3375104,3379200
752,8192,12288
752,20480,24576
768,20480,24576
754,3379200,3383296
752,16384,20480
752,12288,16384
768,61440,65536
768,45056,57344
768,40960,45056
13022,1855488,1859584
752,20480,24576
752,8192,12288
754,3383296,3387392
752,16384,20480
752,12288,16384
768,61440,65536
752,20480,24576
752,8192,12288
768,53248,57344
754,3387392,3391488
752,16384,20480
752,12288,16384
768,49152,53248
754,3391488,3395584
752,8192,12288
768,40960,45056
752,20480,24576
752,12288,16384
637,3293184,3354624
637,3284992,3289088
754,3395584,3399680
768,40960,57344
768,61440,65536
768,20480,24576
752,16384,20480
752,8192,12288
752,20480,24576
13022,1855488,1859584
754,3399680,3403776
752,12288,16384
752,16384,20480
752,8192,12288
768,61440,65536
754,3403776,3407872
752,12288,16384
752,20480,24576
768,40960,45056
768,49152,57344
752,16384,20480
752,8192,12288
754,3407872,3416064
752,12288,16384
752,20480,24576
768,20480,24576
13022,1855488,1859584
752,16384,20480
752,8192,12288
768,61440,65536
768,40960,57344
752,20480,24576
752,12288,16384
754,3416064,3420160
752,8192,12288
752,16384,20480
768,61440,65536
754,3420160,3424256
752,20480,24576
752,12288,16384
768,40960,45056
768,49152,57344
752,16384,20480
752,8192,12288
754,3424256,3432448
752,12288,16384
752,20480,24576
768,20480,24576
752,16384,20480
752,8192,12288
13022,1855488,1859584
768,61440,65536
768,40960,57344
752,20480,24576
752,12288,16384
754,3432448,3436544
752,16384,20480
752,8192,12288
768,61440,65536
752,12288,16384
754,3436544,3440640
752,20480,24576
768,40960,45056
768,49152,57344
752,16384,20480
752,8192,12288
637,3354624,3416064
754,3440640,3444736
752,20480,24576
13022,1855488,1859584
754,3444736,3448832
752,12288,16384
752,16384,20480
768,20480,24576
752,20480,24576
752,8192,12288
768,61440,65536
768,40960,57344
752,16384,20480
752,12288,16384
754,3448832,3452928
752,20480,24576
752,8192,12288
768,61440,65536
754,3452928,3457024
752,16384,20480
752,12288,16384
768,53248,57344
768,40960,45056
768,49152,53248
752,20480,24576
752,8192,12288
754,3457024,3465216
752,16384,20480
752,12288,16384
768,20480,24576
752,20480,24576
752,8192,12288
768,53248,57344
768,40960,53248
768,61440,65536
13022,1855488,1859584
752,16384,20480
752,12288,16384
754,3465216,3469312
752,20480,24576
752,8192,12288
768,61440,65536
754,3469312,3473408
752,16384,20480
752,12288,16384
768,53248,57344
768,40960,45056
768,49152,53248
752,20480,24576
