3072
0
3072
173647
3008
3008
3008
3072
3008
3010
3008
3008
945
945
945
945
945
945
945
945
945
945
945
945
945
945
945
945
945
945
945
945
945
945
945
945
945
945
945
945
945
945
945
945
945
945
945
946
946
946
946
946
946
946
946
946
946
946
946
946
946
946
946
946
946
946
946
946
946
946
946
946
946
946
946
946
946
946
946
946
946
946
946
946
946
946
946
946
946
946
946
946
946
946
946
946
946
946
946
946
946
946
946
946
946
946
946
947
947
947
947
947
947
947
947
947
947
947
947
947
947
947
947
947
947
947
947
947
947
947
947
947
947
947
947
947
947
947
947
947
947
947
947
947
947
947
947
947
947
947
947
947
947
947
947
947
947
947
947
947
947
947
947
948
948
948
948
948
948
948
948
948
948
948
948
948
948
948
948
948
948
948
948
948
948
948
948
948
948
948
948
948
948
948
948
948
948
948
948
948
948
948
948
948
948
948
948
948
948
948
948
948
948
948
948
948
948
948
948
948
948
948
948
948
948
949
949
949
949
949
949
949
949
949
949
949
949
949
949
949
949
949
949
949
949
949
949
949
949
949
949
949
949
949
949
949
949
949
949
949
949
949
949
949
949
949
949
949
949
949
949
949
949
949
949
949
949
949
949
949
949
949
949
949
949
949
950
950
950
950
950
950
950
950
950
950
950
950
950
950
950
950
950
950
950
950
950
950
950
950
950
950
950
950
950
950
950
950
950
950
950
950
950
950
950
950
950
950
950
950
950
950
950
950
950
950
950
950
950
950
950
950
950
950
950
950
950
950
950
950
951
951
951
951
951
951
951
951
951
951
951
951
951
951
951
951
951
951
951
951
951
951
951
951
951
951
951
951
951
951
951
951
951
951
951
951
951
951
951
951
951
951
951
951
951
951
951
951
951
951
951
951
951
951
951
951
951
951
951
951
951
951
952
952
952
952
952
952
952
952
952
952
952
952
952
952
952
952
952
952
952
952
952
952
952
952
952
952
952
952
952
952
952
952
952
952
952
952
952
952
952
952
952
952
952
952
952
952
952
952
952
952
952
952
952
952
952
952
952
952
953
953
953
953
953
953
953
953
953
953
953
953
953
953
953
953
953
953
953
953
953
953
953
953
953
953
953
953
953
953
953
953
953
953
953
953
953
953
953
953
953
953
953
953
953
953
953
953
953
953
953
953
953
953
953
953
953
953
953
953
953
953
954
954
954
954
954
954
954
954
954
954
954
954
954
954
954
954
954
954
954
954
954
954
954
954
954
954
954
954
954
954
954
954
954
954
954
954
954
954
954
954
954
954
954
954
954
954
954
954
954
954
954
954
954
954
954
954
954
954
954
954
954
954
954
955
955
955
955
955
955
955
955
955
955
955
955
955
955
955
955
955
955
955
955
955
955
955
955
955
955
955
955
955
955
955
955
955
955
955
955
93
89
92
89
92
89
89
313
92
102
101
313
98
90
313
90
97
93
313
313
99
102
102
89
955
955
89
955
955
955
955
955
955
37
36
31
31
31
31
31
955
31
955
955
955
955
955
955
955
955
955
956
956
956
956
956
956
956
956
956
956
956
956
956
956
956
956
956
956
956
956
956
956
956
956
956
956
956
956
956
956
956
956
956
956
956
956
956
956
956
956
956
956
956
956
956
956
956
956
956
956
956
956
956
956
956
956
956
956
956
956
956
957
957
957
957
957
957
957
957
957
957
957
957
957
957
957
957
957
957
957
957
957
957
957
957
957
957
957
957
957
957
957
957
957
957
957
957
957
957
957
957
957
957
957
957
957
957
957
957
957
957
957
957
957
957
957
957
958
958
958
958
958
958
958
958
958
958
958
958
958
958
958
958
958
958
958
958
958
958
958
958
958
958
958
958
958
958
958
958
958
958
958
958
958
958
958
958
958
958
958
958
958
958
958
958
958
958
958
958
958
958
958
958
958
958
958
958
959
959
959
959
959
959
959
959
959
959
959
959
959
959
959
959
959
959
959
959
959
959
959
959
959
959
959
959
959
960
959
960
960
960
960
960
960
960
960
960
960
960
960
960
960
960
960
960
960
960
960
960
960
960
960
960
960
961
960
961
961
961
961
961
961
961
961
961
961
961
961
961
961
961
961
961
961
961
961
961
961
961
961
961
961
961
962
961
962
962
962
962
962
962
962
962
962
962
962
962
962
962
962
962
962
962
962
962
962
962
962
962
962
962
962
962
962
962
962
962
962
962
962
962
962
962
962
962
962
962
962
963
963
963
963
963
963
963
963
963
963
963
963
963
963
963
963
963
963
963
963
963
963
963
963
963
963
963
963
963
963
963
963
963
963
963
963
963
963
963
963
963
963
963
963
963
964
964
964
964
964
964
964
964
964
964
964
964
964
964
964
964
964
964
964
964
964
964
964
964
964
964
964
964
964
964
964
964
964
964
965
964
964
965
965
965
965
965
965
965
965
965
965
965
965
965
965
965
965
965
965
965
965
965
965
965
965
965
965
965
966
965
966
966
966
966
966
966
966
966
966
966
966
966
966
966
966
967
966
967
967
967
967
967
967
967
967
967
967
967
967
967
967
967
967
967
967
967
967
967
967
967
967
967
967
967
967
967
967
967
967
967
967
967
967
968
968
968
968
968
968
968
968
968
968
968
968
968
968
968
968
968
968
968
968
968
968
968
968
968
968
968
968
968
968
968
968
968
968
968
968
968
968
968
968
968
968
968
968
968
968
968
968
968
968
968
968
968
968
968
968
968
968
968
969
969
969
969
969
969
969
969
969
969
969
969
969
969
969
969
969
969
969
969
969
969
969
969
969
969
969
969
969
969
969
969
969
969
969
969
969
969
969
969
969
969
969
969
969
969
969
969
969
969
969
969
969
969
969
969
969
969
969
969
969
969
969
969
969
970
970
970
970
970
970
970
970
970
970
970
970
970
970
970
970
970
970
970
970
970
970
970
970
970
970
970
970
970
970
970
970
970
970
970
970
970
970
970
970
970
970
970
970
970
970
970
970
970
970
970
970
970
970
970
970
970
970
970
970
970
970
970
970
970
971
971
971
971
971
971
971
971
971
971
971
971
971
971
971
971
971
971
971
971
971
971
971
971
971
971
971
971
971
971
971
971
971
971
971
971
971
971
971
971
971
971
971
971
971
971
971
971
971
971
971
971
971
971
971
971
971
971
971
971
971
971
971
971
971
972
972
972
972
972
972
972
972
972
972
972
972
972
972
972
972
972
972
972
972
972
972
972
972
972
972
972
972
972
972
972
972
972
972
972
972
972
972
972
972
972
972
972
972
972
972
972
972
972
972
972
972
972
972
972
972
972
972
972
972
972
972
972
972
973
973
973
973
973
973
973
973
973
82
83
82
83
85
85
87
89
84
85
82
87
973
82
973
973
973
973
973
973
973
973
973
973
973
973
973
973
973
973
973
973
973
973
973
973
973
973
973
973
973
973
973
973
973
973
973
973
973
973
973
973
973
974
974
974
974
974
974
974
974
974
974
974
974
974
974
974
974
974
974
974
974
974
974
974
974
974
974
974
974
974
974
974
974
974
974
974
974
974
974
974
974
974
974
974
974
974
974
974
974
974
974
974
975
974
975
975
975
975
975
975
975
975
975
975
975
975
975
975
975
975
975
975
975
975
975
975
975
975
975
975
975
975
975
975
975
975
975
975
975
975
975
975
975
976
976
976
976
976
976
976
976
976
976
976
976
976
976
976
976
976
976
976
976
976
976
976
976
976
976
976
976
976
976
976
976
976
976
976
976
976
976
976
976
976
976
976
976
976
976
976
976
976
976
976
977
977
977
977
977
977
977
977
977
977
977
977
977
977
977
977
977
977
977
977
977
977
977
977
977
977
977
977
977
977
977
977
977
977
977
977
977
977
977
977
977
977
977
977
977
977
977
977
978
978
978
978
978
978
978
978
978
978
978
978
978
978
978
978
978
978
978
978
978
978
978
978
978
978
978
978
978
978
978
978
978
978
978
978
978
978
978
978
978
978
978
978
978
978
978
978
978
978
978
979
978
979
979
979
979
979
979
979
979
979
979
979
979
979
979
979
979
979
979
979
979
979
979
979
979
979
979
979
979
979
979
979
979
979
979
979
979
979
979
979
979
979
979
979
979
979
979
979
979
979
979
979
979
979
979
979
979
979
979
980
979
980
980
980
980
980
980
980
980
980
980
980
980
980
980
980
980
980
980
980
980
980
980
980
980
980
980
980
980
980
980
980
980
980
980
980
980
980
980
980
980
980
980
980
980
980
980
980
980
980
980
980
980
980
980
980
981
981
981
981
981
981
981
981
981
981
981
981
981
981
981
981
981
981
981
981
981
981
981
981
981
981
981
981
981
981
981
981
981
981
981
981
981
981
981
981
981
981
981
981
981
981
981
981
981
981
981
981
981
981
981
981
981
981
981
981
981
981
981
981
982
981
982
982
982
982
982
982
982
982
982
982
982
982
982
982
982
982
982
982
982
982
982
982
982
982
982
982
982
982
982
982
982
982
982
982
982
982
982
982
982
982
982
982
982
982
982
982
982
982
982
982
982
982
982
982
982
982
982
983
983
983
983
983
983
983
983
983
983
983
983
983
983
983
983
983
983
983
983
983
983
983
983
983
983
983
983
983
983
983
983
983
983
983
983
983
983
983
983
983
983
983
983
983
983
983
983
983
983
983
983
983
983
983
983
983
983
984
984
984
984
984
984
984
984
984
984
984
984
984
984
984
984
984
984
984
984
984
984
984
984
984
984
984
984
984
984
984
984
984
984
984
984
984
984
984
984
984
984
984
984
984
984
984
984
984
984
984
984
984
984
984
985
985
985
985
985
985
985
985
985
985
985
985
985
985
985
985
985
985
985
985
985
985
985
985
985
985
985
985
985
985
985
985
985
985
985
985
985
985
985
985
985
985
985
985
985
985
985
985
985
985
985
985
985
985
986
986
986
986
986
986
986
986
986
986
986
986
986
986
986
986
986
986
986
986
986
986
986
986
986
986
986
986
986
986
986
986
986
986
986
986
986
986
986
986
986
986
986
986
986
986
986
986
986
986
986
987
987
987
987
987
987
987
987
987
987
987
987
987
987
987
987
987
987
987
987
987
987
987
987
987
987
987
987
987
987
987
987
987
987
987
987
987
987
987
987
987
987
987
987
987
987
987
987
987
987
987
987
987
987
987
987
987
988
987
988
988
988
988
988
988
988
988
988
988
988
988
988
988
988
988
988
988
988
988
988
988
988
988
988
988
988
988
988
988
988
988
988
988
988
988
988
988
988
988
988
988
988
988
988
988
988
988
988
988
988
988
988
988
988
988
988
988
988
988
988
989
989
989
989
989
989
989
989
989
989
989
989
989
989
989
989
989
989
989
989
989
989
989
989
989
989
989
989
989
989
989
989
989
989
989
989
989
989
989
989
989
989
989
989
989
989
989
989
989
989
989
989
989
989
989
989
989
989
989
989
989
989
990
990
990
990
990
990
990
990
990
990
990
990
990
990
990
990
990
990
990
990
990
990
990
990
990
990
990
990
990
990
990
990
990
990
990
990
990
990
990
990
990
990
990
990
990
990
990
990
990
990
990
990
990
990
990
990
990
990
991
991
991
991
991
991
991
991
991
991
991
991
991
991
991
991
991
991
991
991
991
991
991
991
991
991
991
991
991
991
991
991
991
991
991
991
991
991
991
991
991
991
991
991
991
991
991
991
991
991
991
991
991
991
991
991
991
991
991
991
991
991
991
992
992
992
992
992
992
992
992
992
992
992
992
992
992
992
992
992
992
992
992
992
992
992
992
992
992
992
992
992
992
992
992
992
992
992
992
992
992
992
992
992
992
992
992
992
992
992
992
992
992
992
992
992
992
992
992
992
992
992
993
993
993
993
993
993
993
993
993
993
993
993
993
993
993
993
993
993
993
993
993
993
993
993
993
993
993
993
993
993
993
993
993
993
993
993
993
993
993
993
993
994
993
994
994
994
994
994
994
994
994
994
994
994
994
994
994
994
994
994
994
994
994
994
994
994
994
994
994
994
994
994
994
994
994
994
994
994
994
994
994
994
994
995
995
995
995
995
995
995
995
995
995
995
995
995
995
995
995
995
995
995
995
995
995
995
995
995
995
995
995
995
995
995
995
995
995
995
995
995
995
995
995
995
995
995
995
995
995
995
996
995
996
996
996
996
996
996
996
996
996
996
996
996
996
996
996
996
996
996
996
996
996
996
996
996
996
996
996
996
996
996
996
996
996
996
996
996
996
996
996
996
996
996
996
996
996
996
996
997
996
997
997
997
997
997
997
997
997
997
997
997
997
997
997
997
997
997
997
997
997
997
997
997
997
997
997
997
997
997
997
997
997
997
997
997
997
997
997
997
997
997
997
997
997
997
997
997
997
997
997
998
998
998
998
998
998
998
998
998
998
998
998
998
998
998
998
998
998
998
998
998
998
998
998
998
998
998
998
998
998
998
998
998
998
998
998
998
999
998
999
999
999
999
999
999
999
999
999
999
999
999
999
999
999
999
999
999
999
999
999
999
999
999
999
999
999
999
999
999
999
999
999
999
999
999
999
999
999
999
999
999
999
1000
1000
1000
1000
1000
1000
1000
1000
1000
1000
1000
1000
1000
1000
1000
1000
1000
1000
1000
1000
1000
1000
1000
1000
1000
1000
1000
1000
1000
1000
1000
1000
1000
1000
1000
1000
1000
1000
1000
1000
1000
1000
1000
1000
1000
1000
1000
1000
1000
1000
1000
1000
1000
1000
1001
1001
1000
1001
1000
1001
1001
1001
1001
1001
1001
1001
1001
1001
1001
1001
1001
1001
1001
1001
1001
1001
1001
1001
1001
1001
1001
1001
1001
1001
1001
1001
1001
1001
1001
1001
1001
1001
1001
1001
1001
1001
1001
1001
1001
1001
1001
1001
1001
1001
1001
1001
1001
1001
1001
1001
1001
1001
1001
1001
1001
1002
1002
1002
1002
1002
1002
1002
1002
1002
1002
1002
1002
1002
1002
1002
1002
1002
1002
1002
1002
1002
1002
1002
1002
1002
1002
1002
1002
1002
1002
1002
1002
1002
1002
1002
1002
1002
1002
1002
1002
1002
1002
1002
1002
1002
1002
1002
1002
1002
1002
1002
1002
1003
1003
1003
1003
1003
1003
1003
1003
1003
1003
1003
1003
1003
1003
1003
1003
1003
1003
1003
1003
1003
1003
1003
1003
1003
1003
1003
1003
1003
1003
1003
1003
1003
1003
1003
1003
1003
1003
1003
1003
1003
1003
1003
1003
1003
1003
1003
